0    8.51000    0.00000    5.26000   0.575462   0.851000  0.000000  0.526000
1    5.26000    8.51000    0.00000   0.575462   0.526000  0.851000  0.000000
2   -5.26000    8.51000    0.00000   0.575462   -0.526000  0.851000  0.000000
3   -8.51000    0.00000    5.26000   0.575462   -0.851000  0.000000  0.526000
4    0.00000   -5.26000    8.51000   0.575462   0.000000  -0.526000  0.851000
5    5.26000   -8.51000    0.00000   0.575462   0.526000  -0.851000  0.000000
6    8.51000    0.00000   -5.26000   0.575462   0.851000  0.000000  -0.526000
7    0.00000    5.26000   -8.51000   0.575462   0.000000  0.526000  -0.851000
8   -8.51000    0.00000   -5.26000   0.575462   -0.851000  0.000000  -0.526000
9   -5.26000   -8.51000    0.00000   0.575462   -0.526000  -0.851000  0.000000
10    0.00000   -5.26000   -8.51000   0.575462   0.000000  -0.526000  -0.851000
11    7.70000    0.95000    6.30000   0.938911   0.770000  0.095000  0.630000
12    4.76000    8.66000    1.54000   0.943187   0.476000  0.866000  0.154000
13   -4.76000    8.66000    1.54000   0.943187   -0.476000  0.866000  0.154000
14   -7.70000    0.95000    6.30000   0.938911   -0.770000  0.095000  0.630000
15    0.00000   -3.81000    9.25000   0.938589   0.000000  -0.381000  0.925000
16    4.76000   -8.66000    1.54000   0.943187   0.476000  -0.866000  0.154000
17    7.70000   -0.95000    6.30000   0.938911   0.770000  -0.095000  0.630000
18    9.25000    0.00000   -3.81000   0.938589   0.925000  0.000000  -0.381000
19    6.30000    7.70000    0.95000   0.938911   0.630000  0.770000  0.095000
20    0.95000    6.30000   -7.70000   0.938911   0.095000  0.630000  -0.770000
21   -3.81000    9.25000    0.00000   0.938589   -0.381000  0.925000  0.000000
22   -8.66000    1.54000   -4.76000   0.943187   -0.866000  0.154000  -0.476000
23   -8.66000    1.54000    4.76000   0.943187   -0.866000  0.154000  0.476000
24   -6.30000   -7.70000    0.95000   0.938911   -0.630000  -0.770000  0.095000
25   -1.54000   -4.76000    8.66000   0.943187   -0.154000  -0.476000  0.866000
26    0.95000   -6.30000   -7.70000   0.938911   0.095000  -0.630000  -0.770000
27    8.66000   -1.54000   -4.76000   0.943187   0.866000  -0.154000  -0.476000
28    1.54000    4.76000   -8.66000   0.943187   0.154000  0.476000  -0.866000
29   -7.70000    0.95000   -6.30000   0.938911   -0.770000  0.095000  -0.630000
30   -6.30000   -7.70000   -0.95000   0.938911   -0.630000  -0.770000  -0.095000
31    8.03000    0.00000    5.96000   0.846326   0.803000  0.000000  0.596000
32    5.46000    8.34000    0.81000   0.847658   0.546000  0.834000  0.081000
33   -4.65000    8.84000    0.50000   0.846504   -0.465000  0.884000  0.050000
34   -8.34000    0.81000    5.46000   0.847658   -0.834000  0.081000  0.546000
35   -0.50000   -4.65000    8.84000   0.846504   -0.050000  -0.465000  0.884000
36    4.65000   -8.84000    0.50000   0.846504   0.465000  -0.884000  0.050000
37    8.34000   -0.81000    5.46000   0.847658   0.834000  -0.081000  0.546000
38    8.84000   -0.50000   -4.65000   0.846504   0.884000  -0.050000  -0.465000
39    5.96000    8.03000    0.00000   0.846326   0.596000  0.803000  0.000000
40    0.81000    5.46000   -8.34000   0.847658   0.081000  0.546000  -0.834000
41   -4.65000    8.84000   -0.50000   0.846504   -0.465000  0.884000  -0.050000
42   -8.34000    0.81000   -5.46000   0.847658   -0.834000  0.081000  -0.546000
43   -8.84000    0.50000    4.65000   0.846504   -0.884000  0.050000  0.465000
44   -5.96000   -8.03000    0.00000   0.846326   -0.596000  -0.803000  0.000000
45   -0.81000   -5.46000    8.34000   0.847658   -0.081000  -0.546000  0.834000
46    0.00000   -5.96000   -8.03000   0.846326   0.000000  -0.596000  -0.803000
47    8.34000   -0.81000   -5.46000   0.847658   0.834000  -0.081000  -0.546000
48    0.50000    4.65000   -8.84000   0.846504   0.050000  0.465000  -0.884000
49   -8.03000    0.00000   -5.96000   0.846326   -0.803000  0.000000  -0.596000
50   -5.46000   -8.34000   -0.81000   0.847658   -0.546000  -0.834000  -0.081000
51    6.53000    2.02000    7.30000   1.127554   0.653000  0.202000  0.730000
52    4.04000    8.55000    3.26000   1.126657   0.404000  0.855000  0.326000
53   -4.04000    8.55000    3.26000   1.126657   -0.404000  0.855000  0.326000
54   -6.53000    2.02000    7.30000   1.127554   -0.653000  0.202000  0.730000
55    0.00000   -2.02000    9.79000   1.129586   0.000000  -0.202000  0.979000
56    4.04000   -8.55000    3.26000   1.126657   0.404000  -0.855000  0.326000
57    6.53000   -2.02000    7.30000   1.127554   0.653000  -0.202000  0.730000
58    9.79000    0.00000   -2.02000   1.129586   0.979000  0.000000  -0.202000
59    7.30000    6.53000    2.02000   1.127554   0.730000  0.653000  0.202000
60    2.02000    7.30000   -6.53000   1.127554   0.202000  0.730000  -0.653000
61   -2.02000    9.79000    0.00000   1.129586   -0.202000  0.979000  0.000000
62   -8.55000    3.26000   -4.04000   1.126657   -0.855000  0.326000  -0.404000
63   -8.55000    3.26000    4.04000   1.126657   -0.855000  0.326000  0.404000
64   -7.30000   -6.53000    2.02000   1.127554   -0.730000  -0.653000  0.202000
65   -3.26000   -4.04000    8.55000   1.126657   -0.326000  -0.404000  0.855000
66    2.02000   -7.30000   -6.53000   1.127554   0.202000  -0.730000  -0.653000
67    8.55000   -3.26000   -4.04000   1.126657   0.855000  -0.326000  -0.404000
68    3.26000    4.04000   -8.55000   1.126657   0.326000  0.404000  -0.855000
69   -6.53000    2.02000   -7.30000   1.127554   -0.653000  0.202000  -0.730000
70   -7.30000   -6.53000   -2.02000   1.127554   -0.730000  -0.653000  -0.202000
71    7.03000    1.00000    7.04000   1.054618   0.703000  0.100000  0.704000
72    4.88000    8.36000    2.50000   1.051986   0.488000  0.836000  0.250000
73   -4.01000    8.90000    2.16000   1.051079   -0.401000  0.890000  0.216000
74   -7.36000    1.88000    6.50000   1.050861   -0.736000  0.188000  0.650000
75   -0.54000   -3.01000    9.52000   1.052997   -0.054000  -0.301000  0.952000
76    4.01000   -8.90000    2.16000   1.051079   0.401000  -0.890000  0.216000
77    7.36000   -1.88000    6.50000   1.050861   0.736000  -0.188000  0.650000
78    9.52000   -0.54000   -3.01000   1.052997   0.952000  -0.054000  -0.301000
79    7.04000    7.03000    1.00000   1.054618   0.704000  0.703000  0.100000
80    1.88000    6.50000   -7.36000   1.050861   0.188000  0.650000  -0.736000
81   -3.01000    9.52000   -0.54000   1.052997   -0.301000  0.952000  -0.054000
82   -8.36000    2.50000   -4.88000   1.051986   -0.836000  0.250000  -0.488000
83   -8.90000    2.16000    4.01000   1.051079   -0.890000  0.216000  0.401000
84   -7.04000   -7.03000    1.00000   1.054618   -0.704000  -0.703000  0.100000
85   -2.50000   -4.88000    8.36000   1.051986   -0.250000  -0.488000  0.836000
86    1.00000   -7.04000   -7.03000   1.054618   0.100000  -0.704000  -0.703000
87    8.36000   -2.50000   -4.88000   1.051986   0.836000  -0.250000  -0.488000
88    2.16000    4.01000   -8.90000   1.051079   0.216000  0.401000  -0.890000
89   -7.03000    1.00000   -7.04000   1.054618   -0.703000  0.100000  -0.704000
90   -6.50000   -7.36000   -1.88000   1.050861   -0.650000  -0.736000  -0.188000
91    7.42000    0.00000    6.70000   0.982529   0.742000  0.000000  0.670000
92    5.65000    8.07000    1.71000   0.990800   0.565000  0.807000  0.171000
93   -3.93000    9.13000    1.06000   0.984887   -0.393000  0.913000  0.106000
94   -8.07000    1.71000    5.65000   0.990800   -0.807000  0.171000  0.565000
95   -1.06000   -3.93000    9.13000   0.984887   -0.106000  -0.393000  0.913000
96    3.93000   -9.13000    1.06000   0.984887   0.393000  -0.913000  0.106000
97    8.07000   -1.71000    5.65000   0.990800   0.807000  -0.171000  0.565000
98    9.13000   -1.06000   -3.93000   0.984887   0.913000  -0.106000  -0.393000
99    6.70000    7.42000    0.00000   0.982529   0.670000  0.742000  0.000000
100    1.71000    5.65000   -8.07000   0.990800   0.171000  0.565000  -0.807000
101   -3.93000    9.13000   -1.06000   0.984887   -0.393000  0.913000  -0.106000
102   -8.07000    1.71000   -5.65000   0.990800   -0.807000  0.171000  -0.565000
103   -9.13000    1.06000    3.93000   0.984887   -0.913000  0.106000  0.393000
104   -6.70000   -7.42000    0.00000   0.982529   -0.670000  -0.742000  0.000000
105   -1.71000   -5.65000    8.07000   0.990800   -0.171000  -0.565000  0.807000
106    0.00000   -6.70000   -7.42000   0.982529   0.000000  -0.670000  -0.742000
107    8.07000   -1.71000   -5.65000   0.990800   0.807000  -0.171000  -0.565000
108    1.06000    3.93000   -9.13000   0.984887   0.106000  0.393000  -0.913000
109   -7.42000    0.00000   -6.70000   0.982529   -0.742000  0.000000  -0.670000
110   -5.65000   -8.07000   -1.71000   0.990800   -0.565000  -0.807000  -0.171000
111    3.81000   -9.25000    0.00000   0.938589   0.381000  -0.925000  0.000000
112    8.66000   -1.54000    4.76000   0.943187   0.866000  -0.154000  0.476000
113    6.30000    7.70000   -0.95000   0.938911   0.630000  0.770000  -0.095000
114   -4.76000    8.66000   -1.54000   0.943187   -0.476000  0.866000  -0.154000
115   -9.25000    0.00000    3.81000   0.938589   -0.925000  0.000000  0.381000
116   -0.95000   -6.30000    7.70000   0.938911   -0.095000  -0.630000  0.770000
117   -0.95000   -6.30000   -7.70000   0.938911   -0.095000  -0.630000  -0.770000
118    7.70000   -0.95000   -6.30000   0.938911   0.770000  -0.095000  -0.630000
119    0.00000    3.81000   -9.25000   0.938589   0.000000  0.381000  -0.925000
120   -7.70000   -0.95000   -6.30000   0.938911   -0.770000  -0.095000  -0.630000
121   -4.76000   -8.66000   -1.54000   0.943187   -0.476000  -0.866000  -0.154000
122    5.00000    3.09000    8.09000   1.196023   0.500000  0.309000  0.809000
123    3.09000    8.09000    5.00000   1.196023   0.309000  0.809000  0.500000
124   -3.09000    8.09000    5.00000   1.196023   -0.309000  0.809000  0.500000
125   -5.00000    3.09000    8.09000   1.196023   -0.500000  0.309000  0.809000
126    0.00000    0.00000   10.00000   1.188429   0.000000  0.000000  1.000000
127    3.09000   -8.09000    5.00000   1.196023   0.309000  -0.809000  0.500000
128    5.00000   -3.09000    8.09000   1.196023   0.500000  -0.309000  0.809000
129   10.00000    0.00000    0.00000   1.188429   1.000000  0.000000  0.000000
130    8.09000    5.00000    3.09000   1.196023   0.809000  0.500000  0.309000
131    3.09000    8.09000   -5.00000   1.196023   0.309000  0.809000  -0.500000
132    0.00000   10.00000    0.00000   1.188429   0.000000  1.000000  0.000000
133   -8.09000    5.00000   -3.09000   1.196023   -0.809000  0.500000  -0.309000
134   -8.09000    5.00000    3.09000   1.196023   -0.809000  0.500000  0.309000
135   -8.09000   -5.00000    3.09000   1.196023   -0.809000  -0.500000  0.309000
136   -5.00000   -3.09000    8.09000   1.196023   -0.500000  -0.309000  0.809000
137    3.09000   -8.09000   -5.00000   1.196023   0.309000  -0.809000  -0.500000
138    8.09000   -5.00000   -3.09000   1.196023   0.809000  -0.500000  -0.309000
139    5.00000    3.09000   -8.09000   1.196023   0.500000  0.309000  -0.809000
140   -5.00000    3.09000   -8.09000   1.196023   -0.500000  0.309000  -0.809000
141   -8.09000   -5.00000   -3.09000   1.196023   -0.809000  -0.500000  -0.309000
142    5.64000    2.09000    7.99000   1.190226   0.564000  0.209000  0.799000
143    4.05000    8.07000    4.29000   1.193713   0.405000  0.807000  0.429000
144   -3.13000    8.64000    3.95000   1.194565   -0.313000  0.864000  0.395000
145   -5.98000    3.00000    7.43000   1.192216   -0.598000  0.300000  0.743000
146   -0.56000   -1.04000    9.93000   1.190111   -0.056000  -0.104000  0.993000
147    3.13000   -8.64000    3.95000   1.194565   0.313000  -0.864000  0.395000
148    5.98000   -3.00000    7.43000   1.192216   0.598000  -0.300000  0.743000
149    9.93000   -0.56000   -1.04000   1.190111   0.993000  -0.056000  -0.104000
150    7.99000    5.64000    2.09000   1.190226   0.799000  0.564000  0.209000
151    3.00000    7.43000   -5.98000   1.192216   0.300000  0.743000  -0.598000
152   -1.04000    9.93000   -0.56000   1.190111   -0.104000  0.993000  -0.056000
153   -8.07000    4.29000   -4.05000   1.193713   -0.807000  0.429000  -0.405000
154   -8.64000    3.95000    3.13000   1.194565   -0.864000  0.395000  0.313000
155   -7.99000   -5.64000    2.09000   1.190226   -0.799000  -0.564000  0.209000
156   -4.29000   -4.05000    8.07000   1.193713   -0.429000  -0.405000  0.807000
157    2.09000   -7.99000   -5.64000   1.190226   0.209000  -0.799000  -0.564000
158    8.07000   -4.29000   -4.05000   1.193713   0.807000  -0.429000  -0.405000
159    3.95000    3.13000   -8.64000   1.194565   0.395000  0.313000  -0.864000
160   -5.64000    2.09000   -7.99000   1.190226   -0.564000  0.209000  -0.799000
161   -7.43000   -5.98000   -3.00000   1.192216   -0.743000  -0.598000  -0.300000
162    6.20000    1.04000    7.78000   1.186270   0.620000  0.104000  0.778000
163    4.96000    7.94000    3.51000   1.179538   0.496000  0.794000  0.351000
164   -3.13000    9.07000    2.82000   1.182877   -0.313000  0.907000  0.282000
165   -6.90000    2.87000    6.65000   1.184602   -0.690000  0.287000  0.665000
166   -1.13000   -2.09000    9.71000   1.187425   -0.113000  -0.209000  0.971000
167    3.13000   -9.07000    2.82000   1.182877   0.313000  -0.907000  0.282000
168    6.90000   -2.87000    6.65000   1.184602   0.690000  -0.287000  0.665000
169    9.71000   -1.13000   -2.09000   1.187425   0.971000  -0.113000  -0.209000
170    7.78000    6.20000    1.04000   1.186270   0.778000  0.620000  0.104000
171    2.87000    6.65000   -6.90000   1.184602   0.287000  0.665000  -0.690000
172   -2.09000    9.71000   -1.13000   1.187425   -0.209000  0.971000  -0.113000
173   -7.94000    3.51000   -4.96000   1.179538   -0.794000  0.351000  -0.496000
174   -9.07000    2.82000    3.13000   1.182877   -0.907000  0.282000  0.313000
175   -7.78000   -6.20000    1.04000   1.186270   -0.778000  -0.620000  0.104000
176   -3.51000   -4.96000    7.94000   1.179538   -0.351000  -0.496000  0.794000
177    1.04000   -7.78000   -6.20000   1.186270   0.104000  -0.778000  -0.620000
178    7.94000   -3.51000   -4.96000   1.179538   0.794000  -0.351000  -0.496000
179    2.82000    3.13000   -9.07000   1.182877   0.282000  0.313000  -0.907000
180   -6.20000    1.04000   -7.78000   1.186270   -0.620000  0.104000  -0.778000
181   -6.65000   -6.90000   -2.87000   1.184602   -0.665000  -0.690000  -0.287000
182    6.67000    0.00000    7.45000   1.134926   0.667000  0.000000  0.745000
183    5.79000    7.70000    2.70000   1.131706   0.579000  0.770000  0.270000
184   -3.09000    9.36000    1.67000   1.134763   -0.309000  0.936000  0.167000
185   -7.70000    2.70000    5.79000   1.131706   -0.770000  0.270000  0.579000
186   -1.67000   -3.09000    9.36000   1.134763   -0.167000  -0.309000  0.936000
187    3.09000   -9.36000    1.67000   1.134763   0.309000  -0.936000  0.167000
188    7.70000   -2.70000    5.79000   1.131706   0.770000  -0.270000  0.579000
189    9.36000   -1.67000   -3.09000   1.134763   0.936000  -0.167000  -0.309000
190    7.45000    6.67000    0.00000   1.134926   0.745000  0.667000  0.000000
191    2.70000    5.79000   -7.70000   1.131706   0.270000  0.579000  -0.770000
192   -3.09000    9.36000   -1.67000   1.134763   -0.309000  0.936000  -0.167000
193   -7.70000    2.70000   -5.79000   1.131706   -0.770000  0.270000  -0.579000
194   -9.36000    1.67000    3.09000   1.134763   -0.936000  0.167000  0.309000
195   -7.45000   -6.67000    0.00000   1.134926   -0.745000  -0.667000  0.000000
196   -2.70000   -5.79000    7.70000   1.131706   -0.270000  -0.579000  0.770000
197    0.00000   -7.45000   -6.67000   1.134926   0.000000  -0.745000  -0.667000
198    7.70000   -2.70000   -5.79000   1.131706   0.770000  -0.270000  -0.579000
199    1.67000    3.09000   -9.36000   1.134763   0.167000  0.309000  -0.936000
200   -6.67000    0.00000   -7.45000   1.134926   -0.667000  0.000000  -0.745000
201   -5.79000   -7.70000   -2.70000   1.131706   -0.579000  -0.770000  -0.270000
202    7.03000   -1.00000    7.04000   1.054618   0.703000  -0.100000  0.704000
203    6.50000    7.36000    1.88000   1.050861   0.650000  0.736000  0.188000
204   -3.01000    9.52000    0.54000   1.052997   -0.301000  0.952000  0.054000
205   -8.36000    2.50000    4.88000   1.051986   -0.836000  0.250000  0.488000
206   -2.16000   -4.01000    8.90000   1.051079   -0.216000  -0.401000  0.890000
207    3.01000   -9.52000    0.54000   1.052997   0.301000  -0.952000  0.054000
208    8.36000   -2.50000    4.88000   1.051986   0.836000  -0.250000  0.488000
209    8.90000   -2.16000   -4.01000   1.051079   0.890000  -0.216000  -0.401000
210    7.04000    7.03000   -1.00000   1.054618   0.704000  0.703000  -0.100000
211    2.50000    4.88000   -8.36000   1.051986   0.250000  0.488000  -0.836000
212   -4.01000    8.90000   -2.16000   1.051079   -0.401000  0.890000  -0.216000
213   -7.36000    1.88000   -6.50000   1.050861   -0.736000  0.188000  -0.650000
214   -9.52000    0.54000    3.01000   1.052997   -0.952000  0.054000  0.301000
215   -7.04000   -7.03000   -1.00000   1.054618   -0.704000  -0.703000  -0.100000
216   -1.88000   -6.50000    7.36000   1.050861   -0.188000  -0.650000  0.736000
217   -1.00000   -7.04000   -7.03000   1.054618   -0.100000  -0.704000  -0.703000
218    7.36000   -1.88000   -6.50000   1.050861   0.736000  -0.188000  -0.650000
219    0.54000    3.01000   -9.52000   1.052997   0.054000  0.301000  -0.952000
220   -7.03000   -1.00000   -7.04000   1.054618   -0.703000  -0.100000  -0.704000
221   -4.88000   -8.36000   -2.50000   1.051986   -0.488000  -0.836000  -0.250000
222    3.26000    4.04000    8.55000   1.126657   0.326000  0.404000  0.855000
223    2.02000    7.30000    6.53000   1.127554   0.202000  0.730000  0.653000
224   -2.02000    7.30000    6.53000   1.127554   -0.202000  0.730000  0.653000
225   -3.26000    4.04000    8.55000   1.126657   -0.326000  0.404000  0.855000
226    0.00000    2.02000    9.79000   1.129586   0.000000  0.202000  0.979000
227    2.02000   -7.30000    6.53000   1.127554   0.202000  -0.730000  0.653000
228    3.26000   -4.04000    8.55000   1.126657   0.326000  -0.404000  0.855000
229    9.79000    0.00000    2.02000   1.129586   0.979000  0.000000  0.202000
230    8.55000    3.26000    4.04000   1.126657   0.855000  0.326000  0.404000
231    4.04000    8.55000   -3.26000   1.126657   0.404000  0.855000  -0.326000
232    2.02000    9.79000    0.00000   1.129586   0.202000  0.979000  0.000000
233   -7.30000    6.53000   -2.02000   1.127554   -0.730000  0.653000  -0.202000
234   -7.30000    6.53000    2.02000   1.127554   -0.730000  0.653000  0.202000
235   -8.55000   -3.26000    4.04000   1.126657   -0.855000  -0.326000  0.404000
236   -6.53000   -2.02000    7.30000   1.127554   -0.653000  -0.202000  0.730000
237    4.04000   -8.55000   -3.26000   1.126657   0.404000  -0.855000  -0.326000
238    7.30000   -6.53000   -2.02000   1.127554   0.730000  -0.653000  -0.202000
239    6.53000    2.02000   -7.30000   1.127554   0.653000  0.202000  -0.730000
240   -3.26000    4.04000   -8.55000   1.126657   -0.326000  0.404000  -0.855000
241   -8.55000   -3.26000   -4.04000   1.126657   -0.855000  -0.326000  -0.404000
242    3.95000    3.13000    8.64000   1.194565   0.395000  0.313000  0.864000
243    3.00000    7.43000    5.98000   1.192216   0.300000  0.743000  0.598000
244   -2.09000    7.99000    5.64000   1.190226   -0.209000  0.799000  0.564000
245   -4.29000    4.05000    8.07000   1.193713   -0.429000  0.405000  0.807000
246   -0.56000    1.04000    9.93000   1.190111   -0.056000  0.104000  0.993000
247    2.09000   -7.99000    5.64000   1.190226   0.209000  -0.799000  0.564000
248    4.29000   -4.05000    8.07000   1.193713   0.429000  -0.405000  0.807000
249    9.93000   -0.56000    1.04000   1.190111   0.993000  -0.056000  0.104000
250    8.64000    3.95000    3.13000   1.194565   0.864000  0.395000  0.313000
251    4.05000    8.07000   -4.29000   1.193713   0.405000  0.807000  -0.429000
252    1.04000    9.93000   -0.56000   1.190111   0.104000  0.993000  -0.056000
253   -7.43000    5.98000   -3.00000   1.192216   -0.743000  0.598000  -0.300000
254   -7.99000    5.64000    2.09000   1.190226   -0.799000  0.564000  0.209000
255   -8.64000   -3.95000    3.13000   1.194565   -0.864000  -0.395000  0.313000
256   -5.98000   -3.00000    7.43000   1.192216   -0.598000  -0.300000  0.743000
257    3.13000   -8.64000   -3.95000   1.194565   0.313000  -0.864000  -0.395000
258    7.43000   -5.98000   -3.00000   1.192216   0.743000  -0.598000  -0.300000
259    5.64000    2.09000   -7.99000   1.190226   0.564000  0.209000  -0.799000
260   -3.95000    3.13000   -8.64000   1.194565   -0.395000  0.313000  -0.864000
261   -8.07000   -4.29000   -4.05000   1.193713   -0.807000  -0.429000  -0.405000
262    4.61000    2.14000    8.61000   1.264068   0.461000  0.214000  0.861000
263    4.00000    7.46000    5.32000   1.262863   0.400000  0.746000  0.532000
264   -2.14000    8.61000    4.61000   1.264068   -0.214000  0.861000  0.461000
265   -5.32000    4.00000    7.46000   1.262863   -0.532000  0.400000  0.746000
266   -1.15000   -0.00000    9.93000   1.262664   -0.115000  -0.000000  0.993000
267    2.14000   -8.61000    4.61000   1.264068   0.214000  -0.861000  0.461000
268    5.32000   -4.00000    7.46000   1.262863   0.532000  -0.400000  0.746000
269    9.93000   -1.15000   -0.00000   1.262664   0.993000  -0.115000  -0.000000
270    8.61000    4.61000    2.14000   1.264068   0.861000  0.461000  0.214000
271    4.00000    7.46000   -5.32000   1.262863   0.400000  0.746000  -0.532000
272   -0.00000    9.93000   -1.15000   1.262664   -0.000000  0.993000  -0.115000
273   -7.46000    5.32000   -4.00000   1.262863   -0.746000  0.532000  -0.400000
274   -8.61000    4.61000    2.14000   1.264068   -0.861000  0.461000  0.214000
275   -8.61000   -4.61000    2.14000   1.264068   -0.861000  -0.461000  0.214000
276   -5.32000   -4.00000    7.46000   1.262863   -0.532000  -0.400000  0.746000
277    2.14000   -8.61000   -4.61000   1.264068   0.214000  -0.861000  -0.461000
278    7.46000   -5.32000   -4.00000   1.262863   0.746000  -0.532000  -0.400000
279    4.61000    2.14000   -8.61000   1.264068   0.461000  0.214000  -0.861000
280   -4.61000    2.14000   -8.61000   1.264068   -0.461000  0.214000  -0.861000
281   -7.46000   -5.32000   -4.00000   1.262863   -0.746000  -0.532000  -0.400000
282    5.23000    1.08000    8.46000   1.293471   0.523000  0.108000  0.846000
283    4.97000    7.38000    4.56000   1.294738   0.497000  0.738000  0.456000
284   -2.15000    9.12000    3.48000   1.289368   -0.215000  0.912000  0.348000
285   -6.30000    3.90000    6.71000   1.291362   -0.630000  0.390000  0.671000
286   -1.74000   -1.08000    9.79000   1.295697   -0.174000  -0.108000  0.979000
287    2.15000   -9.12000    3.48000   1.289368   0.215000  -0.912000  0.348000
288    6.30000   -3.90000    6.71000   1.291362   0.630000  -0.390000  0.671000
289    9.79000   -1.74000   -1.08000   1.295697   0.979000  -0.174000  -0.108000
290    8.46000    5.23000    1.08000   1.293471   0.846000  0.523000  0.108000
291    3.90000    6.71000   -6.30000   1.291362   0.390000  0.671000  -0.630000
292   -1.08000    9.79000   -1.74000   1.295697   -0.108000  0.979000  -0.174000
293   -7.38000    4.56000   -4.97000   1.294738   -0.738000  0.456000  -0.497000
294   -9.12000    3.48000    2.15000   1.289368   -0.912000  0.348000  0.215000
295   -8.46000   -5.23000    1.08000   1.293471   -0.846000  -0.523000  0.108000
296   -4.56000   -4.97000    7.38000   1.294738   -0.456000  -0.497000  0.738000
297    1.08000   -8.46000   -5.23000   1.293471   0.108000  -0.846000  -0.523000
298    7.38000   -4.56000   -4.97000   1.294738   0.738000  -0.456000  -0.497000
299    3.48000    2.15000   -9.12000   1.289368   0.348000  0.215000  -0.912000
300   -5.23000    1.08000   -8.46000   1.293471   -0.523000  0.108000  -0.846000
301   -6.71000   -6.30000   -3.90000   1.291362   -0.671000  -0.630000  -0.390000
302    5.76000    0.00000    8.17000   1.263494   0.576000  0.000000  0.817000
303    5.87000    7.19000    3.73000   1.262469   0.587000  0.719000  0.373000
304   -2.14000    9.49000    2.31000   1.259813   -0.214000  0.949000  0.231000
305   -7.19000    3.73000    5.87000   1.262469   -0.719000  0.373000  0.587000
306   -2.31000   -2.14000    9.49000   1.259813   -0.231000  -0.214000  0.949000
307    2.14000   -9.49000    2.31000   1.259813   0.214000  -0.949000  0.231000
308    7.19000   -3.73000    5.87000   1.262469   0.719000  -0.373000  0.587000
309    9.49000   -2.31000   -2.14000   1.259813   0.949000  -0.231000  -0.214000
310    8.17000    5.76000    0.00000   1.263494   0.817000  0.576000  0.000000
311    3.73000    5.87000   -7.19000   1.262469   0.373000  0.587000  -0.719000
312   -2.14000    9.49000   -2.31000   1.259813   -0.214000  0.949000  -0.231000
313   -7.19000    3.73000   -5.87000   1.262469   -0.719000  0.373000  -0.587000
314   -9.49000    2.31000    2.14000   1.259813   -0.949000  0.231000  0.214000
315   -8.17000   -5.76000    0.00000   1.263494   -0.817000  -0.576000  0.000000
316   -3.73000   -5.87000    7.19000   1.262469   -0.373000  -0.587000  0.719000
317    0.00000   -8.17000   -5.76000   1.263494   0.000000  -0.817000  -0.576000
318    7.19000   -3.73000   -5.87000   1.262469   0.719000  -0.373000  -0.587000
319    2.31000    2.14000   -9.49000   1.259813   0.231000  0.214000  -0.949000
320   -5.76000    0.00000   -8.17000   1.263494   -0.576000  0.000000  -0.817000
321   -5.87000   -7.19000   -3.73000   1.262469   -0.587000  -0.719000  -0.373000
322    6.20000   -1.04000    7.78000   1.186270   0.620000  -0.104000  0.778000
323    6.65000    6.90000    2.87000   1.184602   0.665000  0.690000  0.287000
324   -2.09000    9.71000    1.13000   1.187425   -0.209000  0.971000  0.113000
325   -7.94000    3.51000    4.96000   1.179538   -0.794000  0.351000  0.496000
326   -2.82000   -3.13000    9.07000   1.182877   -0.282000  -0.313000  0.907000
327    2.09000   -9.71000    1.13000   1.187425   0.209000  -0.971000  0.113000
328    7.94000   -3.51000    4.96000   1.179538   0.794000  -0.351000  0.496000
329    9.07000   -2.82000   -3.13000   1.182877   0.907000  -0.282000  -0.313000
330    7.78000    6.20000   -1.04000   1.186270   0.778000  0.620000  -0.104000
331    3.51000    4.96000   -7.94000   1.179538   0.351000  0.496000  -0.794000
332   -3.13000    9.07000   -2.82000   1.182877   -0.313000  0.907000  -0.282000
333   -6.90000    2.87000   -6.65000   1.184602   -0.690000  0.287000  -0.665000
334   -9.71000    1.13000    2.09000   1.187425   -0.971000  0.113000  0.209000
335   -7.78000   -6.20000   -1.04000   1.186270   -0.778000  -0.620000  -0.104000
336   -2.87000   -6.65000    6.90000   1.184602   -0.287000  -0.665000  0.690000
337   -1.04000   -7.78000   -6.20000   1.186270   -0.104000  -0.778000  -0.620000
338    6.90000   -2.87000   -6.65000   1.184602   0.690000  -0.287000  -0.665000
339    1.13000    2.09000   -9.71000   1.187425   0.113000  0.209000  -0.971000
340   -6.20000   -1.04000   -7.78000   1.186270   -0.620000  -0.104000  -0.778000
341   -4.96000   -7.94000   -3.51000   1.179538   -0.496000  -0.794000  -0.351000
342    2.02000   -9.79000    0.00000   1.129586   0.202000  -0.979000  0.000000
343    8.55000   -3.26000    4.04000   1.126657   0.855000  -0.326000  0.404000
344    7.30000    6.53000   -2.02000   1.127554   0.730000  0.653000  -0.202000
345   -4.04000    8.55000   -3.26000   1.126657   -0.404000  0.855000  -0.326000
346   -9.79000    0.00000    2.02000   1.129586   -0.979000  0.000000  0.202000
347   -2.02000   -7.30000    6.53000   1.127554   -0.202000  -0.730000  0.653000
348   -2.02000   -7.30000   -6.53000   1.127554   -0.202000  -0.730000  -0.653000
349    6.53000   -2.02000   -7.30000   1.127554   0.653000  -0.202000  -0.730000
350    0.00000    2.02000   -9.79000   1.129586   0.000000  0.202000  -0.979000
351   -6.53000   -2.02000   -7.30000   1.127554   -0.653000  -0.202000  -0.730000
352   -4.04000   -8.55000   -3.26000   1.126657   -0.404000  -0.855000  -0.326000
353    1.54000    4.76000    8.66000   0.943187   0.154000  0.476000  0.866000
354    0.95000    6.30000    7.70000   0.938911   0.095000  0.630000  0.770000
355   -0.95000    6.30000    7.70000   0.938911   -0.095000  0.630000  0.770000
356   -1.54000    4.76000    8.66000   0.943187   -0.154000  0.476000  0.866000
357    0.00000    3.81000    9.25000   0.938589   0.000000  0.381000  0.925000
358    0.95000   -6.30000    7.70000   0.938911   0.095000  -0.630000  0.770000
359    1.54000   -4.76000    8.66000   0.943187   0.154000  -0.476000  0.866000
360    9.25000    0.00000    3.81000   0.938589   0.925000  0.000000  0.381000
361    8.66000    1.54000    4.76000   0.943187   0.866000  0.154000  0.476000
362    4.76000    8.66000   -1.54000   0.943187   0.476000  0.866000  -0.154000
363    3.81000    9.25000    0.00000   0.938589   0.381000  0.925000  0.000000
364   -6.30000    7.70000   -0.95000   0.938911   -0.630000  0.770000  -0.095000
365   -6.30000    7.70000    0.95000   0.938911   -0.630000  0.770000  0.095000
366   -8.66000   -1.54000    4.76000   0.943187   -0.866000  -0.154000  0.476000
367   -7.70000   -0.95000    6.30000   0.938911   -0.770000  -0.095000  0.630000
368    4.76000   -8.66000   -1.54000   0.943187   0.476000  -0.866000  -0.154000
369    6.30000   -7.70000   -0.95000   0.938911   0.630000  -0.770000  -0.095000
370    7.70000    0.95000   -6.30000   0.938911   0.770000  0.095000  -0.630000
371   -1.54000    4.76000   -8.66000   0.943187   -0.154000  0.476000  -0.866000
372   -8.66000   -1.54000   -4.76000   0.943187   -0.866000  -0.154000  -0.476000
373    2.16000    4.01000    8.90000   1.051079   0.216000  0.401000  0.890000
374    1.88000    6.50000    7.36000   1.050861   0.188000  0.650000  0.736000
375   -1.00000    7.04000    7.03000   1.054618   -0.100000  0.704000  0.703000
376   -2.50000    4.88000    8.36000   1.051986   -0.250000  0.488000  0.836000
377   -0.54000    3.01000    9.52000   1.052997   -0.054000  0.301000  0.952000
378    1.00000   -7.04000    7.03000   1.054618   0.100000  -0.704000  0.703000
379    2.50000   -4.88000    8.36000   1.051986   0.250000  -0.488000  0.836000
380    9.52000   -0.54000    3.01000   1.052997   0.952000  -0.054000  0.301000
381    8.90000    2.16000    4.01000   1.051079   0.890000  0.216000  0.401000
382    4.88000    8.36000   -2.50000   1.051986   0.488000  0.836000  -0.250000
383    3.01000    9.52000   -0.54000   1.052997   0.301000  0.952000  -0.054000
384   -6.50000    7.36000   -1.88000   1.050861   -0.650000  0.736000  -0.188000
385   -7.04000    7.03000    1.00000   1.054618   -0.704000  0.703000  0.100000
386   -8.90000   -2.16000    4.01000   1.051079   -0.890000  -0.216000  0.401000
387   -7.36000   -1.88000    6.50000   1.050861   -0.736000  -0.188000  0.650000
388    4.01000   -8.90000   -2.16000   1.051079   0.401000  -0.890000  -0.216000
389    6.50000   -7.36000   -1.88000   1.050861   0.650000  -0.736000  -0.188000
390    7.03000    1.00000   -7.04000   1.054618   0.703000  0.100000  -0.704000
391   -2.16000    4.01000   -8.90000   1.051079   -0.216000  0.401000  -0.890000
392   -8.36000   -2.50000   -4.88000   1.051986   -0.836000  -0.250000  -0.488000
393    2.82000    3.13000    9.07000   1.182877   0.282000  0.313000  0.907000
394    2.87000    6.65000    6.90000   1.184602   0.287000  0.665000  0.690000
395   -1.04000    7.78000    6.20000   1.186270   -0.104000  0.778000  0.620000
396   -3.51000    4.96000    7.94000   1.179538   -0.351000  0.496000  0.794000
397   -1.13000    2.09000    9.71000   1.187425   -0.113000  0.209000  0.971000
398    1.04000   -7.78000    6.20000   1.186270   0.104000  -0.778000  0.620000
399    3.51000   -4.96000    7.94000   1.179538   0.351000  -0.496000  0.794000
400    9.71000   -1.13000    2.09000   1.187425   0.971000  -0.113000  0.209000
401    9.07000    2.82000    3.13000   1.182877   0.907000  0.282000  0.313000
402    4.96000    7.94000   -3.51000   1.179538   0.496000  0.794000  -0.351000
403    2.09000    9.71000   -1.13000   1.187425   0.209000  0.971000  -0.113000
404   -6.65000    6.90000   -2.87000   1.184602   -0.665000  0.690000  -0.287000
405   -7.78000    6.20000    1.04000   1.186270   -0.778000  0.620000  0.104000
406   -9.07000   -2.82000    3.13000   1.182877   -0.907000  -0.282000  0.313000
407   -6.90000   -2.87000    6.65000   1.184602   -0.690000  -0.287000  0.665000
408    3.13000   -9.07000   -2.82000   1.182877   0.313000  -0.907000  -0.282000
409    6.65000   -6.90000   -2.87000   1.184602   0.665000  -0.690000  -0.287000
410    6.20000    1.04000   -7.78000   1.186270   0.620000  0.104000  -0.778000
411   -2.82000    3.13000   -9.07000   1.182877   -0.282000  0.313000  -0.907000
412   -7.94000   -3.51000   -4.96000   1.179538   -0.794000  -0.351000  -0.496000
413    3.48000    2.15000    9.12000   1.289368   0.348000  0.215000  0.912000
414    3.90000    6.71000    6.30000   1.291362   0.390000  0.671000  0.630000
415   -1.08000    8.46000    5.23000   1.293471   -0.108000  0.846000  0.523000
416   -4.56000    4.97000    7.38000   1.294738   -0.456000  0.497000  0.738000
417   -1.74000    1.08000    9.79000   1.295697   -0.174000  0.108000  0.979000
418    1.08000   -8.46000    5.23000   1.293471   0.108000  -0.846000  0.523000
419    4.56000   -4.97000    7.38000   1.294738   0.456000  -0.497000  0.738000
420    9.79000   -1.74000    1.08000   1.295697   0.979000  -0.174000  0.108000
421    9.12000    3.48000    2.15000   1.289368   0.912000  0.348000  0.215000
422    4.97000    7.38000   -4.56000   1.294738   0.497000  0.738000  -0.456000
423    1.08000    9.79000   -1.74000   1.295697   0.108000  0.979000  -0.174000
424   -6.71000    6.30000   -3.90000   1.291362   -0.671000  0.630000  -0.390000
425   -8.46000    5.23000    1.08000   1.293471   -0.846000  0.523000  0.108000
426   -9.12000   -3.48000    2.15000   1.289368   -0.912000  -0.348000  0.215000
427   -6.30000   -3.90000    6.71000   1.291362   -0.630000  -0.390000  0.671000
428    2.15000   -9.12000   -3.48000   1.289368   0.215000  -0.912000  -0.348000
429    6.71000   -6.30000   -3.90000   1.291362   0.671000  -0.630000  -0.390000
430    5.23000    1.08000   -8.46000   1.293471   0.523000  0.108000  -0.846000
431   -3.48000    2.15000   -9.12000   1.289368   -0.348000  0.215000  -0.912000
432   -7.38000   -4.56000   -4.97000   1.294738   -0.738000  -0.456000  -0.497000
433    4.13000    1.09000    9.04000   1.353251   0.413000  0.109000  0.904000
434    4.91000    6.68000    5.59000   1.352026   0.491000  0.668000  0.559000
435   -1.09000    9.04000    4.13000   1.353251   -0.109000  0.904000  0.413000
436   -5.59000    4.91000    6.68000   1.352026   -0.559000  0.491000  0.668000
437   -2.36000    0.00000    9.72000   1.355642   -0.236000  0.000000  0.972000
438    1.09000   -9.04000    4.13000   1.353251   0.109000  -0.904000  0.413000
439    5.59000   -4.91000    6.68000   1.352026   0.559000  -0.491000  0.668000
440    9.72000   -2.36000    0.00000   1.355642   0.972000  -0.236000  0.000000
441    9.04000    4.13000    1.09000   1.353251   0.904000  0.413000  0.109000
442    4.91000    6.68000   -5.59000   1.352026   0.491000  0.668000  -0.559000
443    0.00000    9.72000   -2.36000   1.355642   0.000000  0.972000  -0.236000
444   -6.68000    5.59000   -4.91000   1.352026   -0.668000  0.559000  -0.491000
445   -9.04000    4.13000    1.09000   1.353251   -0.904000  0.413000  0.109000
446   -9.04000   -4.13000    1.09000   1.353251   -0.904000  -0.413000  0.109000
447   -5.59000   -4.91000    6.68000   1.352026   -0.559000  -0.491000  0.668000
448    1.09000   -9.04000   -4.13000   1.353251   0.109000  -0.904000  -0.413000
449    6.68000   -5.59000   -4.91000   1.352026   0.668000  -0.559000  -0.491000
450    4.13000    1.09000   -9.04000   1.353251   0.413000  0.109000  -0.904000
451   -4.13000    1.09000   -9.04000   1.353251   -0.413000  0.109000  -0.904000
452   -6.68000   -5.59000   -4.91000   1.352026   -0.668000  -0.559000  -0.491000
453    4.72000    0.00000    8.82000   1.351634   0.472000  0.000000  0.882000
454    5.87000    6.54000    4.77000   1.351693   0.587000  0.654000  0.477000
455   -1.09000    9.49000    2.95000   1.353092   -0.109000  0.949000  0.295000
456   -6.54000    4.77000    5.87000   1.351693   -0.654000  0.477000  0.587000
457   -2.95000   -1.09000    9.49000   1.353092   -0.295000  -0.109000  0.949000
458    1.09000   -9.49000    2.95000   1.353092   0.109000  -0.949000  0.295000
459    6.54000   -4.77000    5.87000   1.351693   0.654000  -0.477000  0.587000
460    9.49000   -2.95000   -1.09000   1.353092   0.949000  -0.295000  -0.109000
461    8.82000    4.72000    0.00000   1.351634   0.882000  0.472000  0.000000
462    4.77000    5.87000   -6.54000   1.351693   0.477000  0.587000  -0.654000
463   -1.09000    9.49000   -2.95000   1.353092   -0.109000  0.949000  -0.295000
464   -6.54000    4.77000   -5.87000   1.351693   -0.654000  0.477000  -0.587000
465   -9.49000    2.95000    1.09000   1.353092   -0.949000  0.295000  0.109000
466   -8.82000   -4.72000    0.00000   1.351634   -0.882000  -0.472000  0.000000
467   -4.77000   -5.87000    6.54000   1.351693   -0.477000  -0.587000  0.654000
468    0.00000   -8.82000   -4.72000   1.351634   0.000000  -0.882000  -0.472000
469    6.54000   -4.77000   -5.87000   1.351693   0.654000  -0.477000  -0.587000
470    2.95000    1.09000   -9.49000   1.353092   0.295000  0.109000  -0.949000
471   -4.72000    0.00000   -8.82000   1.351634   -0.472000  0.000000  -0.882000
472   -5.87000   -6.54000   -4.77000   1.351693   -0.587000  -0.654000  -0.477000
473    5.23000   -1.08000    8.46000   1.293471   0.523000  -0.108000  0.846000
474    6.71000    6.30000    3.90000   1.291362   0.671000  0.630000  0.390000
475   -1.08000    9.79000    1.74000   1.295697   -0.108000  0.979000  0.174000
476   -7.38000    4.56000    4.97000   1.294738   -0.738000  0.456000  0.497000
477   -3.48000   -2.15000    9.12000   1.289368   -0.348000  -0.215000  0.912000
478    1.08000   -9.79000    1.74000   1.295697   0.108000  -0.979000  0.174000
479    7.38000   -4.56000    4.97000   1.294738   0.738000  -0.456000  0.497000
480    9.12000   -3.48000   -2.15000   1.289368   0.912000  -0.348000  -0.215000
481    8.46000    5.23000   -1.08000   1.293471   0.846000  0.523000  -0.108000
482    4.56000    4.97000   -7.38000   1.294738   0.456000  0.497000  -0.738000
483   -2.15000    9.12000   -3.48000   1.289368   -0.215000  0.912000  -0.348000
484   -6.30000    3.90000   -6.71000   1.291362   -0.630000  0.390000  -0.671000
485   -9.79000    1.74000    1.08000   1.295697   -0.979000  0.174000  0.108000
486   -8.46000   -5.23000   -1.08000   1.293471   -0.846000  -0.523000  -0.108000
487   -3.90000   -6.71000    6.30000   1.291362   -0.390000  -0.671000  0.630000
488   -1.08000   -8.46000   -5.23000   1.293471   -0.108000  -0.846000  -0.523000
489    6.30000   -3.90000   -6.71000   1.291362   0.630000  -0.390000  -0.671000
490    1.74000    1.08000   -9.79000   1.295697   0.174000  0.108000  -0.979000
491   -5.23000   -1.08000   -8.46000   1.293471   -0.523000  -0.108000  -0.846000
492   -4.97000   -7.38000   -4.56000   1.294738   -0.497000  -0.738000  -0.456000
493    5.64000   -2.09000    7.99000   1.190226   0.564000  -0.209000  0.799000
494    7.43000    5.98000    3.00000   1.192216   0.743000  0.598000  0.300000
495   -1.04000    9.93000    0.56000   1.190111   -0.104000  0.993000  0.056000
496   -8.07000    4.29000    4.05000   1.193713   -0.807000  0.429000  0.405000
497   -3.95000   -3.13000    8.64000   1.194565   -0.395000  -0.313000  0.864000
498    1.04000   -9.93000    0.56000   1.190111   0.104000  -0.993000  0.056000
499    8.07000   -4.29000    4.05000   1.193713   0.807000  -0.429000  0.405000
500    8.64000   -3.95000   -3.13000   1.194565   0.864000  -0.395000  -0.313000
501    7.99000    5.64000   -2.09000   1.190226   0.799000  0.564000  -0.209000
502    4.29000    4.05000   -8.07000   1.193713   0.429000  0.405000  -0.807000
503   -3.13000    8.64000   -3.95000   1.194565   -0.313000  0.864000  -0.395000
504   -5.98000    3.00000   -7.43000   1.192216   -0.598000  0.300000  -0.743000
505   -9.93000    0.56000    1.04000   1.190111   -0.993000  0.056000  0.104000
506   -7.99000   -5.64000   -2.09000   1.190226   -0.799000  -0.564000  -0.209000
507   -3.00000   -7.43000    5.98000   1.192216   -0.300000  -0.743000  0.598000
508   -2.09000   -7.99000   -5.64000   1.190226   -0.209000  -0.799000  -0.564000
509    5.98000   -3.00000   -7.43000   1.192216   0.598000  -0.300000  -0.743000
510    0.56000    1.04000   -9.93000   1.190111   0.056000  0.104000  -0.993000
511   -5.64000   -2.09000   -7.99000   1.190226   -0.564000  -0.209000  -0.799000
512   -4.05000   -8.07000   -4.29000   1.193713   -0.405000  -0.807000  -0.429000
513    0.00000    5.26000    8.51000   0.575462   0.000000  0.526000  0.851000
514    0.50000    4.65000    8.84000   0.846504   0.050000  0.465000  0.884000
515    0.81000    5.46000    8.34000   0.847658   0.081000  0.546000  0.834000
516   -0.00000    5.96000    8.03000   0.846326   -0.000000  0.596000  0.803000
517   -0.81000    5.46000    8.34000   0.847658   -0.081000  0.546000  0.834000
518   -0.50000    4.65000    8.84000   0.846504   -0.050000  0.465000  0.884000
519    0.00000   -5.96000    8.03000   0.846326   0.000000  -0.596000  0.803000
520    0.81000   -5.46000    8.34000   0.847658   0.081000  -0.546000  0.834000
521    8.84000   -0.50000    4.65000   0.846504   0.884000  -0.050000  0.465000
522    8.84000    0.50000    4.65000   0.846504   0.884000  0.050000  0.465000
523    5.46000    8.34000   -0.81000   0.847658   0.546000  0.834000  -0.081000
524    4.65000    8.84000   -0.50000   0.846504   0.465000  0.884000  -0.050000
525   -5.46000    8.34000   -0.81000   0.847658   -0.546000  0.834000  -0.081000
526   -5.96000    8.03000    0.00000   0.846326   -0.596000  0.803000  0.000000
527   -8.84000   -0.50000    4.65000   0.846504   -0.884000  -0.050000  0.465000
528   -8.34000   -0.81000    5.46000   0.847658   -0.834000  -0.081000  0.546000
529    4.65000   -8.84000   -0.50000   0.846504   0.465000  -0.884000  -0.050000
530    5.46000   -8.34000   -0.81000   0.847658   0.546000  -0.834000  -0.081000
531    8.03000    0.00000   -5.96000   0.846326   0.803000  0.000000  -0.596000
532   -0.50000    4.65000   -8.84000   0.846504   -0.050000  0.465000  -0.884000
533   -8.34000   -0.81000   -5.46000   0.847658   -0.834000  -0.081000  -0.546000
534    1.06000    3.93000    9.13000   0.984887   0.106000  0.393000  0.913000
535    1.71000    5.65000    8.07000   0.990800   0.171000  0.565000  0.807000
536    0.00000    6.70000    7.42000   0.982529   0.000000  0.670000  0.742000
537   -1.71000    5.65000    8.07000   0.990800   -0.171000  0.565000  0.807000
538   -1.06000    3.93000    9.13000   0.984887   -0.106000  0.393000  0.913000
539    0.00000   -6.70000    7.42000   0.982529   0.000000  -0.670000  0.742000
540    1.71000   -5.65000    8.07000   0.990800   0.171000  -0.565000  0.807000
541    9.13000   -1.06000    3.93000   0.984887   0.913000  -0.106000  0.393000
542    9.13000    1.06000    3.93000   0.984887   0.913000  0.106000  0.393000
543    5.65000    8.07000   -1.71000   0.990800   0.565000  0.807000  -0.171000
544    3.93000    9.13000   -1.06000   0.984887   0.393000  0.913000  -0.106000
545   -5.65000    8.07000   -1.71000   0.990800   -0.565000  0.807000  -0.171000
546   -6.70000    7.42000    0.00000   0.982529   -0.670000  0.742000  0.000000
547   -9.13000   -1.06000    3.93000   0.984887   -0.913000  -0.106000  0.393000
548   -8.07000   -1.71000    5.65000   0.990800   -0.807000  -0.171000  0.565000
549    3.93000   -9.13000   -1.06000   0.984887   0.393000  -0.913000  -0.106000
550    5.65000   -8.07000   -1.71000   0.990800   0.565000  -0.807000  -0.171000
551    7.42000    0.00000   -6.70000   0.982529   0.742000  0.000000  -0.670000
552   -1.06000    3.93000   -9.13000   0.984887   -0.106000  0.393000  -0.913000
553   -8.07000   -1.71000   -5.65000   0.990800   -0.807000  -0.171000  -0.565000
554    1.67000    3.09000    9.36000   1.134763   0.167000  0.309000  0.936000
555    2.70000    5.79000    7.70000   1.131706   0.270000  0.579000  0.770000
556   -0.00000    7.45000    6.67000   1.134926   -0.000000  0.745000  0.667000
557   -2.70000    5.79000    7.70000   1.131706   -0.270000  0.579000  0.770000
558   -1.67000    3.09000    9.36000   1.134763   -0.167000  0.309000  0.936000
559    0.00000   -7.45000    6.67000   1.134926   0.000000  -0.745000  0.667000
560    2.70000   -5.79000    7.70000   1.131706   0.270000  -0.579000  0.770000
561    9.36000   -1.67000    3.09000   1.134763   0.936000  -0.167000  0.309000
562    9.36000    1.67000    3.09000   1.134763   0.936000  0.167000  0.309000
563    5.79000    7.70000   -2.70000   1.131706   0.579000  0.770000  -0.270000
564    3.09000    9.36000   -1.67000   1.134763   0.309000  0.936000  -0.167000
565   -5.79000    7.70000   -2.70000   1.131706   -0.579000  0.770000  -0.270000
566   -7.45000    6.67000    0.00000   1.134926   -0.745000  0.667000  0.000000
567   -9.36000   -1.67000    3.09000   1.134763   -0.936000  -0.167000  0.309000
568   -7.70000   -2.70000    5.79000   1.131706   -0.770000  -0.270000  0.579000
569    3.09000   -9.36000   -1.67000   1.134763   0.309000  -0.936000  -0.167000
570    5.79000   -7.70000   -2.70000   1.131706   0.579000  -0.770000  -0.270000
571    6.67000    0.00000   -7.45000   1.134926   0.667000  0.000000  -0.745000
572   -1.67000    3.09000   -9.36000   1.134763   -0.167000  0.309000  -0.936000
573   -7.70000   -2.70000   -5.79000   1.131706   -0.770000  -0.270000  -0.579000
574    2.31000    2.14000    9.49000   1.259813   0.231000  0.214000  0.949000
575    3.73000    5.87000    7.19000   1.262469   0.373000  0.587000  0.719000
576    0.00000    8.17000    5.76000   1.263494   0.000000  0.817000  0.576000
577   -3.73000    5.87000    7.19000   1.262469   -0.373000  0.587000  0.719000
578   -2.31000    2.14000    9.49000   1.259813   -0.231000  0.214000  0.949000
579    0.00000   -8.17000    5.76000   1.263494   0.000000  -0.817000  0.576000
580    3.73000   -5.87000    7.19000   1.262469   0.373000  -0.587000  0.719000
581    9.49000   -2.31000    2.14000   1.259813   0.949000  -0.231000  0.214000
582    9.49000    2.31000    2.14000   1.259813   0.949000  0.231000  0.214000
583    5.87000    7.19000   -3.73000   1.262469   0.587000  0.719000  -0.373000
584    2.14000    9.49000   -2.31000   1.259813   0.214000  0.949000  -0.231000
585   -5.87000    7.19000   -3.73000   1.262469   -0.587000  0.719000  -0.373000
586   -8.17000    5.76000    0.00000   1.263494   -0.817000  0.576000  0.000000
587   -9.49000   -2.31000    2.14000   1.259813   -0.949000  -0.231000  0.214000
588   -7.19000   -3.73000    5.87000   1.262469   -0.719000  -0.373000  0.587000
589    2.14000   -9.49000   -2.31000   1.259813   0.214000  -0.949000  -0.231000
590    5.87000   -7.19000   -3.73000   1.262469   0.587000  -0.719000  -0.373000
591    5.76000    0.00000   -8.17000   1.263494   0.576000  0.000000  -0.817000
592   -2.31000    2.14000   -9.49000   1.259813   -0.231000  0.214000  -0.949000
593   -7.19000   -3.73000   -5.87000   1.262469   -0.719000  -0.373000  -0.587000
594    2.95000    1.09000    9.49000   1.353092   0.295000  0.109000  0.949000
595    4.77000    5.87000    6.54000   1.351693   0.477000  0.587000  0.654000
596    0.00000    8.82000    4.72000   1.351634   0.000000  0.882000  0.472000
597   -4.77000    5.87000    6.54000   1.351693   -0.477000  0.587000  0.654000
598   -2.95000    1.09000    9.49000   1.353092   -0.295000  0.109000  0.949000
599    0.00000   -8.82000    4.72000   1.351634   0.000000  -0.882000  0.472000
600    4.77000   -5.87000    6.54000   1.351693   0.477000  -0.587000  0.654000
601    9.49000   -2.95000    1.09000   1.353092   0.949000  -0.295000  0.109000
602    9.49000    2.95000    1.09000   1.353092   0.949000  0.295000  0.109000
603    5.87000    6.54000   -4.77000   1.351693   0.587000  0.654000  -0.477000
604    1.09000    9.49000   -2.95000   1.353092   0.109000  0.949000  -0.295000
605   -5.87000    6.54000   -4.77000   1.351693   -0.587000  0.654000  -0.477000
606   -8.82000    4.72000    0.00000   1.351634   -0.882000  0.472000  0.000000
607   -9.49000   -2.95000    1.09000   1.353092   -0.949000  -0.295000  0.109000
608   -6.54000   -4.77000    5.87000   1.351693   -0.654000  -0.477000  0.587000
609    1.09000   -9.49000   -2.95000   1.353092   0.109000  -0.949000  -0.295000
610    5.87000   -6.54000   -4.77000   1.351693   0.587000  -0.654000  -0.477000
611    4.72000    0.00000   -8.82000   1.351634   0.472000  0.000000  -0.882000
612   -2.95000    1.09000   -9.49000   1.353092   -0.295000  0.109000  -0.949000
613   -6.54000   -4.77000   -5.87000   1.351693   -0.654000  -0.477000  -0.587000
614    3.57000    0.00000    9.34000   1.380180   0.357000  0.000000  0.934000
615    5.77000    5.77000    5.77000   1.385281   0.577000  0.577000  0.577000
616   -0.00000    9.34000    3.57000   1.380180   -0.000000  0.934000  0.357000
617   -5.77000    5.77000    5.77000   1.385281   -0.577000  0.577000  0.577000
618   -3.57000   -0.00000    9.34000   1.380180   -0.357000  -0.000000  0.934000
619    0.00000   -9.34000    3.57000   1.380180   0.000000  -0.934000  0.357000
620    5.77000   -5.77000    5.77000   1.385281   0.577000  -0.577000  0.577000
621    9.34000   -3.57000   -0.00000   1.380180   0.934000  -0.357000  -0.000000
622    9.34000    3.57000    0.00000   1.380180   0.934000  0.357000  0.000000
623    5.77000    5.77000   -5.77000   1.385281   0.577000  0.577000  -0.577000
624   -0.00000    9.34000   -3.57000   1.380180   -0.000000  0.934000  -0.357000
625   -5.77000    5.77000   -5.77000   1.385281   -0.577000  0.577000  -0.577000
626   -9.34000    3.57000    0.00000   1.380180   -0.934000  0.357000  0.000000
627   -9.34000   -3.57000    0.00000   1.380180   -0.934000  -0.357000  0.000000
628   -5.77000   -5.77000    5.77000   1.385281   -0.577000  -0.577000  0.577000
629    0.00000   -9.34000   -3.57000   1.380180   0.000000  -0.934000  -0.357000
630    5.77000   -5.77000   -5.77000   1.385281   0.577000  -0.577000  -0.577000
631    3.57000    0.00000   -9.34000   1.380180   0.357000  0.000000  -0.934000
632   -3.57000    0.00000   -9.34000   1.380180   -0.357000  0.000000  -0.934000
633   -5.77000   -5.77000   -5.77000   1.385281   -0.577000  -0.577000  -0.577000
634    4.13000   -1.09000    9.04000   1.353251   0.413000  -0.109000  0.904000
635    6.68000    5.59000    4.91000   1.352026   0.668000  0.559000  0.491000
636    0.00000    9.72000    2.36000   1.355642   0.000000  0.972000  0.236000
637   -6.68000    5.59000    4.91000   1.352026   -0.668000  0.559000  0.491000
638   -4.13000   -1.09000    9.04000   1.353251   -0.413000  -0.109000  0.904000
639    0.00000   -9.72000    2.36000   1.355642   0.000000  -0.972000  0.236000
640    6.68000   -5.59000    4.91000   1.352026   0.668000  -0.559000  0.491000
641    9.04000   -4.13000   -1.09000   1.353251   0.904000  -0.413000  -0.109000
642    9.04000    4.13000   -1.09000   1.353251   0.904000  0.413000  -0.109000
643    5.59000    4.91000   -6.68000   1.352026   0.559000  0.491000  -0.668000
644   -1.09000    9.04000   -4.13000   1.353251   -0.109000  0.904000  -0.413000
645   -5.59000    4.91000   -6.68000   1.352026   -0.559000  0.491000  -0.668000
646   -9.72000    2.36000    0.00000   1.355642   -0.972000  0.236000  0.000000
647   -9.04000   -4.13000   -1.09000   1.353251   -0.904000  -0.413000  -0.109000
648   -4.91000   -6.68000    5.59000   1.352026   -0.491000  -0.668000  0.559000
649   -1.09000   -9.04000   -4.13000   1.353251   -0.109000  -0.904000  -0.413000
650    5.59000   -4.91000   -6.68000   1.352026   0.559000  -0.491000  -0.668000
651    2.36000    0.00000   -9.72000   1.355642   0.236000  0.000000  -0.972000
652   -4.13000   -1.09000   -9.04000   1.353251   -0.413000  -0.109000  -0.904000
653   -4.91000   -6.68000   -5.59000   1.352026   -0.491000  -0.668000  -0.559000
654    4.61000   -2.14000    8.61000   1.264068   0.461000  -0.214000  0.861000
655    7.46000    5.32000    4.00000   1.262863   0.746000  0.532000  0.400000
656   -0.00000    9.93000    1.15000   1.262664   -0.000000  0.993000  0.115000
657   -7.46000    5.32000    4.00000   1.262863   -0.746000  0.532000  0.400000
658   -4.61000   -2.14000    8.61000   1.264068   -0.461000  -0.214000  0.861000
659    0.00000   -9.93000    1.15000   1.262664   0.000000  -0.993000  0.115000
660    7.46000   -5.32000    4.00000   1.262863   0.746000  -0.532000  0.400000
661    8.61000   -4.61000   -2.14000   1.264068   0.861000  -0.461000  -0.214000
662    8.61000    4.61000   -2.14000   1.264068   0.861000  0.461000  -0.214000
663    5.32000    4.00000   -7.46000   1.262863   0.532000  0.400000  -0.746000
664   -2.14000    8.61000   -4.61000   1.264068   -0.214000  0.861000  -0.461000
665   -5.32000    4.00000   -7.46000   1.262863   -0.532000  0.400000  -0.746000
666   -9.93000    1.15000    0.00000   1.262664   -0.993000  0.115000  0.000000
667   -8.61000   -4.61000   -2.14000   1.264068   -0.861000  -0.461000  -0.214000
668   -4.00000   -7.46000    5.32000   1.262863   -0.400000  -0.746000  0.532000
669   -2.14000   -8.61000   -4.61000   1.264068   -0.214000  -0.861000  -0.461000
670    5.32000   -4.00000   -7.46000   1.262863   0.532000  -0.400000  -0.746000
671    1.15000    0.00000   -9.93000   1.262664   0.115000  0.000000  -0.993000
672   -4.61000   -2.14000   -8.61000   1.264068   -0.461000  -0.214000  -0.861000
673   -4.00000   -7.46000   -5.32000   1.262863   -0.400000  -0.746000  -0.532000
674    0.00000  -10.00000    0.00000   1.188429   0.000000  -1.000000  0.000000
675    8.09000   -5.00000    3.09000   1.196023   0.809000  -0.500000  0.309000
676    8.09000    5.00000   -3.09000   1.196023   0.809000  0.500000  -0.309000
677   -3.09000    8.09000   -5.00000   1.196023   -0.309000  0.809000  -0.500000
678  -10.00000    0.00000    0.00000   1.188429   -1.000000  0.000000  0.000000
679   -3.09000   -8.09000    5.00000   1.196023   -0.309000  -0.809000  0.500000
680   -3.09000   -8.09000   -5.00000   1.196023   -0.309000  -0.809000  -0.500000
681    5.00000   -3.09000   -8.09000   1.196023   0.500000  -0.309000  -0.809000
682    0.00000    0.00000  -10.00000   1.188429   0.000000  0.000000  -1.000000
683   -5.00000   -3.09000   -8.09000   1.196023   -0.500000  -0.309000  -0.809000
684    0.54000    3.01000    9.52000   1.052997   0.054000  0.301000  0.952000
685    2.50000    4.88000    8.36000   1.051986   0.250000  0.488000  0.836000
686    1.00000    7.04000    7.03000   1.054618   0.100000  0.704000  0.703000
687   -1.88000    6.50000    7.36000   1.050861   -0.188000  0.650000  0.736000
688   -2.16000    4.01000    8.90000   1.051079   -0.216000  0.401000  0.890000
689   -1.00000   -7.04000    7.03000   1.054618   -0.100000  -0.704000  0.703000
690    1.88000   -6.50000    7.36000   1.050861   0.188000  -0.650000  0.736000
691    8.90000   -2.16000    4.01000   1.051079   0.890000  -0.216000  0.401000
692    9.52000    0.54000    3.01000   1.052997   0.952000  0.054000  0.301000
693    6.50000    7.36000   -1.88000   1.050861   0.650000  0.736000  -0.188000
694    4.01000    8.90000   -2.16000   1.051079   0.401000  0.890000  -0.216000
695   -4.88000    8.36000   -2.50000   1.051986   -0.488000  0.836000  -0.250000
696   -7.04000    7.03000   -1.00000   1.054618   -0.704000  0.703000  -0.100000
697   -9.52000   -0.54000    3.01000   1.052997   -0.952000  -0.054000  0.301000
698   -8.36000   -2.50000    4.88000   1.051986   -0.836000  -0.250000  0.488000
699    3.01000   -9.52000   -0.54000   1.052997   0.301000  -0.952000  -0.054000
700    4.88000   -8.36000   -2.50000   1.051986   0.488000  -0.836000  -0.250000
701    7.03000   -1.00000   -7.04000   1.054618   0.703000  -0.100000  -0.704000
702   -0.54000    3.01000   -9.52000   1.052997   -0.054000  0.301000  -0.952000
703   -7.36000   -1.88000   -6.50000   1.050861   -0.736000  -0.188000  -0.650000
704    1.13000    2.09000    9.71000   1.187425   0.113000  0.209000  0.971000
705    3.51000    4.96000    7.94000   1.179538   0.351000  0.496000  0.794000
706    1.04000    7.78000    6.20000   1.186270   0.104000  0.778000  0.620000
707   -2.87000    6.65000    6.90000   1.184602   -0.287000  0.665000  0.690000
708   -2.82000    3.13000    9.07000   1.182877   -0.282000  0.313000  0.907000
709   -1.04000   -7.78000    6.20000   1.186270   -0.104000  -0.778000  0.620000
710    2.87000   -6.65000    6.90000   1.184602   0.287000  -0.665000  0.690000
711    9.07000   -2.82000    3.13000   1.182877   0.907000  -0.282000  0.313000
712    9.71000    1.13000    2.09000   1.187425   0.971000  0.113000  0.209000
713    6.65000    6.90000   -2.87000   1.184602   0.665000  0.690000  -0.287000
714    3.13000    9.07000   -2.82000   1.182877   0.313000  0.907000  -0.282000
715   -4.96000    7.94000   -3.51000   1.179538   -0.496000  0.794000  -0.351000
716   -7.78000    6.20000   -1.04000   1.186270   -0.778000  0.620000  -0.104000
717   -9.71000   -1.13000    2.09000   1.187425   -0.971000  -0.113000  0.209000
718   -7.94000   -3.51000    4.96000   1.179538   -0.794000  -0.351000  0.496000
719    2.09000   -9.71000   -1.13000   1.187425   0.209000  -0.971000  -0.113000
720    4.96000   -7.94000   -3.51000   1.179538   0.496000  -0.794000  -0.351000
721    6.20000   -1.04000   -7.78000   1.186270   0.620000  -0.104000  -0.778000
722   -1.13000    2.09000   -9.71000   1.187425   -0.113000  0.209000  -0.971000
723   -6.90000   -2.87000   -6.65000   1.184602   -0.690000  -0.287000  -0.665000
724    1.74000    1.08000    9.79000   1.295697   0.174000  0.108000  0.979000
725    4.56000    4.97000    7.38000   1.294738   0.456000  0.497000  0.738000
726    1.08000    8.46000    5.23000   1.293471   0.108000  0.846000  0.523000
727   -3.90000    6.71000    6.30000   1.291362   -0.390000  0.671000  0.630000
728   -3.48000    2.15000    9.12000   1.289368   -0.348000  0.215000  0.912000
729   -1.08000   -8.46000    5.23000   1.293471   -0.108000  -0.846000  0.523000
730    3.90000   -6.71000    6.30000   1.291362   0.390000  -0.671000  0.630000
731    9.12000   -3.48000    2.15000   1.289368   0.912000  -0.348000  0.215000
732    9.79000    1.74000    1.08000   1.295697   0.979000  0.174000  0.108000
733    6.71000    6.30000   -3.90000   1.291362   0.671000  0.630000  -0.390000
734    2.15000    9.12000   -3.48000   1.289368   0.215000  0.912000  -0.348000
735   -4.97000    7.38000   -4.56000   1.294738   -0.497000  0.738000  -0.456000
736   -8.46000    5.23000   -1.08000   1.293471   -0.846000  0.523000  -0.108000
737   -9.79000   -1.74000    1.08000   1.295697   -0.979000  -0.174000  0.108000
738   -7.38000   -4.56000    4.97000   1.294738   -0.738000  -0.456000  0.497000
739    1.08000   -9.79000   -1.74000   1.295697   0.108000  -0.979000  -0.174000
740    4.97000   -7.38000   -4.56000   1.294738   0.497000  -0.738000  -0.456000
741    5.23000   -1.08000   -8.46000   1.293471   0.523000  -0.108000  -0.846000
742   -1.74000    1.08000   -9.79000   1.295697   -0.174000  0.108000  -0.979000
743   -6.30000   -3.90000   -6.71000   1.291362   -0.630000  -0.390000  -0.671000
744    2.36000    0.00000    9.72000   1.355642   0.236000  0.000000  0.972000
745    5.59000    4.91000    6.68000   1.352026   0.559000  0.491000  0.668000
746    1.09000    9.04000    4.13000   1.353251   0.109000  0.904000  0.413000
747   -4.91000    6.68000    5.59000   1.352026   -0.491000  0.668000  0.559000
748   -4.13000    1.09000    9.04000   1.353251   -0.413000  0.109000  0.904000
749   -1.09000   -9.04000    4.13000   1.353251   -0.109000  -0.904000  0.413000
750    4.91000   -6.68000    5.59000   1.352026   0.491000  -0.668000  0.559000
751    9.04000   -4.13000    1.09000   1.353251   0.904000  -0.413000  0.109000
752    9.72000    2.36000    0.00000   1.355642   0.972000  0.236000  0.000000
753    6.68000    5.59000   -4.91000   1.352026   0.668000  0.559000  -0.491000
754    1.09000    9.04000   -4.13000   1.353251   0.109000  0.904000  -0.413000
755   -4.91000    6.68000   -5.59000   1.352026   -0.491000  0.668000  -0.559000
756   -9.04000    4.13000   -1.09000   1.353251   -0.904000  0.413000  -0.109000
757   -9.72000   -2.36000    0.00000   1.355642   -0.972000  -0.236000  0.000000
758   -6.68000   -5.59000    4.91000   1.352026   -0.668000  -0.559000  0.491000
759    0.00000   -9.72000   -2.36000   1.355642   0.000000  -0.972000  -0.236000
760    4.91000   -6.68000   -5.59000   1.352026   0.491000  -0.668000  -0.559000
761    4.13000   -1.09000   -9.04000   1.353251   0.413000  -0.109000  -0.904000
762   -2.36000    0.00000   -9.72000   1.355642   -0.236000  0.000000  -0.972000
763   -5.59000   -4.91000   -6.68000   1.352026   -0.559000  -0.491000  -0.668000
764    2.95000   -1.09000    9.49000   1.353092   0.295000  -0.109000  0.949000
765    6.54000    4.77000    5.87000   1.351693   0.654000  0.477000  0.587000
766    1.09000    9.49000    2.95000   1.353092   0.109000  0.949000  0.295000
767   -5.87000    6.54000    4.77000   1.351693   -0.587000  0.654000  0.477000
768   -4.72000    0.00000    8.82000   1.351634   -0.472000  0.000000  0.882000
769   -1.09000   -9.49000    2.95000   1.353092   -0.109000  -0.949000  0.295000
770    5.87000   -6.54000    4.77000   1.351693   0.587000  -0.654000  0.477000
771    8.82000   -4.72000    0.00000   1.351634   0.882000  -0.472000  0.000000
772    9.49000    2.95000   -1.09000   1.353092   0.949000  0.295000  -0.109000
773    6.54000    4.77000   -5.87000   1.351693   0.654000  0.477000  -0.587000
774    0.00000    8.82000   -4.72000   1.351634   0.000000  0.882000  -0.472000
775   -4.77000    5.87000   -6.54000   1.351693   -0.477000  0.587000  -0.654000
776   -9.49000    2.95000   -1.09000   1.353092   -0.949000  0.295000  -0.109000
777   -9.49000   -2.95000   -1.09000   1.353092   -0.949000  -0.295000  -0.109000
778   -5.87000   -6.54000    4.77000   1.351693   -0.587000  -0.654000  0.477000
779   -1.09000   -9.49000   -2.95000   1.353092   -0.109000  -0.949000  -0.295000
780    4.77000   -5.87000   -6.54000   1.351693   0.477000  -0.587000  -0.654000
781    2.95000   -1.09000   -9.49000   1.353092   0.295000  -0.109000  -0.949000
782   -2.95000   -1.09000   -9.49000   1.353092   -0.295000  -0.109000  -0.949000
783   -4.77000   -5.87000   -6.54000   1.351693   -0.477000  -0.587000  -0.654000
784    3.48000   -2.15000    9.12000   1.289368   0.348000  -0.215000  0.912000
785    7.38000    4.56000    4.97000   1.294738   0.738000  0.456000  0.497000
786    1.08000    9.79000    1.74000   1.295697   0.108000  0.979000  0.174000
787   -6.71000    6.30000    3.90000   1.291362   -0.671000  0.630000  0.390000
788   -5.23000   -1.08000    8.46000   1.293471   -0.523000  -0.108000  0.846000
789   -1.08000   -9.79000    1.74000   1.295697   -0.108000  -0.979000  0.174000
790    6.71000   -6.30000    3.90000   1.291362   0.671000  -0.630000  0.390000
791    8.46000   -5.23000   -1.08000   1.293471   0.846000  -0.523000  -0.108000
792    9.12000    3.48000   -2.15000   1.289368   0.912000  0.348000  -0.215000
793    6.30000    3.90000   -6.71000   1.291362   0.630000  0.390000  -0.671000
794   -1.08000    8.46000   -5.23000   1.293471   -0.108000  0.846000  -0.523000
795   -4.56000    4.97000   -7.38000   1.294738   -0.456000  0.497000  -0.738000
796   -9.79000    1.74000   -1.08000   1.295697   -0.979000  0.174000  -0.108000
797   -9.12000   -3.48000   -2.15000   1.289368   -0.912000  -0.348000  -0.215000
798   -4.97000   -7.38000    4.56000   1.294738   -0.497000  -0.738000  0.456000
799   -2.15000   -9.12000   -3.48000   1.289368   -0.215000  -0.912000  -0.348000
800    4.56000   -4.97000   -7.38000   1.294738   0.456000  -0.497000  -0.738000
801    1.74000   -1.08000   -9.79000   1.295697   0.174000  -0.108000  -0.979000
802   -3.48000   -2.15000   -9.12000   1.289368   -0.348000  -0.215000  -0.912000
803   -3.90000   -6.71000   -6.30000   1.291362   -0.390000  -0.671000  -0.630000
804    3.95000   -3.13000    8.64000   1.194565   0.395000  -0.313000  0.864000
805    8.07000    4.29000    4.05000   1.193713   0.807000  0.429000  0.405000
806    1.04000    9.93000    0.56000   1.190111   0.104000  0.993000  0.056000
807   -7.43000    5.98000    3.00000   1.192216   -0.743000  0.598000  0.300000
808   -5.64000   -2.09000    7.99000   1.190226   -0.564000  -0.209000  0.799000
809   -1.04000   -9.93000    0.56000   1.190111   -0.104000  -0.993000  0.056000
810    7.43000   -5.98000    3.00000   1.192216   0.743000  -0.598000  0.300000
811    7.99000   -5.64000   -2.09000   1.190226   0.799000  -0.564000  -0.209000
812    8.64000    3.95000   -3.13000   1.194565   0.864000  0.395000  -0.313000
813    5.98000    3.00000   -7.43000   1.192216   0.598000  0.300000  -0.743000
814   -2.09000    7.99000   -5.64000   1.190226   -0.209000  0.799000  -0.564000
815   -4.29000    4.05000   -8.07000   1.193713   -0.429000  0.405000  -0.807000
816   -9.93000    0.56000   -1.04000   1.190111   -0.993000  0.056000  -0.104000
817   -8.64000   -3.95000   -3.13000   1.194565   -0.864000  -0.395000  -0.313000
818   -4.05000   -8.07000    4.29000   1.193713   -0.405000  -0.807000  0.429000
819   -3.13000   -8.64000   -3.95000   1.194565   -0.313000  -0.864000  -0.395000
820    4.29000   -4.05000   -8.07000   1.193713   0.429000  -0.405000  -0.807000
821    0.56000   -1.04000   -9.93000   1.190111   0.056000  -0.104000  -0.993000
822   -3.95000   -3.13000   -8.64000   1.194565   -0.395000  -0.313000  -0.864000
823   -3.00000   -7.43000   -5.98000   1.192216   -0.300000  -0.743000  -0.598000
824    0.56000    1.04000    9.93000   1.190111   0.056000  0.104000  0.993000
825    4.29000    4.05000    8.07000   1.193713   0.429000  0.405000  0.807000
826    2.09000    7.99000    5.64000   1.190226   0.209000  0.799000  0.564000
827   -3.00000    7.43000    5.98000   1.192216   -0.300000  0.743000  0.598000
828   -3.95000    3.13000    8.64000   1.194565   -0.395000  0.313000  0.864000
829   -2.09000   -7.99000    5.64000   1.190226   -0.209000  -0.799000  0.564000
830    3.00000   -7.43000    5.98000   1.192216   0.300000  -0.743000  0.598000
831    8.64000   -3.95000    3.13000   1.194565   0.864000  -0.395000  0.313000
832    9.93000    0.56000    1.04000   1.190111   0.993000  0.056000  0.104000
833    7.43000    5.98000   -3.00000   1.192216   0.743000  0.598000  -0.300000
834    3.13000    8.64000   -3.95000   1.194565   0.313000  0.864000  -0.395000
835   -4.05000    8.07000   -4.29000   1.193713   -0.405000  0.807000  -0.429000
836   -7.99000    5.64000   -2.09000   1.190226   -0.799000  0.564000  -0.209000
837   -9.93000   -0.56000    1.04000   1.190111   -0.993000  -0.056000  0.104000
838   -8.07000   -4.29000    4.05000   1.193713   -0.807000  -0.429000  0.405000
839    1.04000   -9.93000   -0.56000   1.190111   0.104000  -0.993000  -0.056000
840    4.05000   -8.07000   -4.29000   1.193713   0.405000  -0.807000  -0.429000
841    5.64000   -2.09000   -7.99000   1.190226   0.564000  -0.209000  -0.799000
842   -0.56000    1.04000   -9.93000   1.190111   -0.056000  0.104000  -0.993000
843   -5.98000   -3.00000   -7.43000   1.192216   -0.598000  -0.300000  -0.743000
844    1.15000    0.00000    9.93000   1.262664   0.115000  0.000000  0.993000
845    5.32000    4.00000    7.46000   1.262863   0.532000  0.400000  0.746000
846    2.14000    8.61000    4.61000   1.264068   0.214000  0.861000  0.461000
847   -4.00000    7.46000    5.32000   1.262863   -0.400000  0.746000  0.532000
848   -4.61000    2.14000    8.61000   1.264068   -0.461000  0.214000  0.861000
849   -2.14000   -8.61000    4.61000   1.264068   -0.214000  -0.861000  0.461000
850    4.00000   -7.46000    5.32000   1.262863   0.400000  -0.746000  0.532000
851    8.61000   -4.61000    2.14000   1.264068   0.861000  -0.461000  0.214000
852    9.93000    1.15000    0.00000   1.262664   0.993000  0.115000  0.000000
853    7.46000    5.32000   -4.00000   1.262863   0.746000  0.532000  -0.400000
854    2.14000    8.61000   -4.61000   1.264068   0.214000  0.861000  -0.461000
855   -4.00000    7.46000   -5.32000   1.262863   -0.400000  0.746000  -0.532000
856   -8.61000    4.61000   -2.14000   1.264068   -0.861000  0.461000  -0.214000
857   -9.93000   -1.15000    0.00000   1.262664   -0.993000  -0.115000  0.000000
858   -7.46000   -5.32000    4.00000   1.262863   -0.746000  -0.532000  0.400000
859    0.00000   -9.93000   -1.15000   1.262664   0.000000  -0.993000  -0.115000
860    4.00000   -7.46000   -5.32000   1.262863   0.400000  -0.746000  -0.532000
861    4.61000   -2.14000   -8.61000   1.264068   0.461000  -0.214000  -0.861000
862   -1.15000    0.00000   -9.93000   1.262664   -0.115000  0.000000  -0.993000
863   -5.32000   -4.00000   -7.46000   1.262863   -0.532000  -0.400000  -0.746000
864    1.74000   -1.08000    9.79000   1.295697   0.174000  -0.108000  0.979000
865    6.30000    3.90000    6.71000   1.291362   0.630000  0.390000  0.671000
866    2.15000    9.12000    3.48000   1.289368   0.215000  0.912000  0.348000
867   -4.97000    7.38000    4.56000   1.294738   -0.497000  0.738000  0.456000
868   -5.23000    1.08000    8.46000   1.293471   -0.523000  0.108000  0.846000
869   -2.15000   -9.12000    3.48000   1.289368   -0.215000  -0.912000  0.348000
870    4.97000   -7.38000    4.56000   1.294738   0.497000  -0.738000  0.456000
871    8.46000   -5.23000    1.08000   1.293471   0.846000  -0.523000  0.108000
872    9.79000    1.74000   -1.08000   1.295697   0.979000  0.174000  -0.108000
873    7.38000    4.56000   -4.97000   1.294738   0.738000  0.456000  -0.497000
874    1.08000    8.46000   -5.23000   1.293471   0.108000  0.846000  -0.523000
875   -3.90000    6.71000   -6.30000   1.291362   -0.390000  0.671000  -0.630000
876   -9.12000    3.48000   -2.15000   1.289368   -0.912000  0.348000  -0.215000
877   -9.79000   -1.74000   -1.08000   1.295697   -0.979000  -0.174000  -0.108000
878   -6.71000   -6.30000    3.90000   1.291362   -0.671000  -0.630000  0.390000
879   -1.08000   -9.79000   -1.74000   1.295697   -0.108000  -0.979000  -0.174000
880    3.90000   -6.71000   -6.30000   1.291362   0.390000  -0.671000  -0.630000
881    3.48000   -2.15000   -9.12000   1.289368   0.348000  -0.215000  -0.912000
882   -1.74000   -1.08000   -9.79000   1.295697   -0.174000  -0.108000  -0.979000
883   -4.56000   -4.97000   -7.38000   1.294738   -0.456000  -0.497000  -0.738000
884    2.31000   -2.14000    9.49000   1.259813   0.231000  -0.214000  0.949000
885    7.19000    3.73000    5.87000   1.262469   0.719000  0.373000  0.587000
886    2.14000    9.49000    2.31000   1.259813   0.214000  0.949000  0.231000
887   -5.87000    7.19000    3.73000   1.262469   -0.587000  0.719000  0.373000
888   -5.76000    0.00000    8.17000   1.263494   -0.576000  0.000000  0.817000
889   -2.14000   -9.49000    2.31000   1.259813   -0.214000  -0.949000  0.231000
890    5.87000   -7.19000    3.73000   1.262469   0.587000  -0.719000  0.373000
891    8.17000   -5.76000    0.00000   1.263494   0.817000  -0.576000  0.000000
892    9.49000    2.31000   -2.14000   1.259813   0.949000  0.231000  -0.214000
893    7.19000    3.73000   -5.87000   1.262469   0.719000  0.373000  -0.587000
894    0.00000    8.17000   -5.76000   1.263494   0.000000  0.817000  -0.576000
895   -3.73000    5.87000   -7.19000   1.262469   -0.373000  0.587000  -0.719000
896   -9.49000    2.31000   -2.14000   1.259813   -0.949000  0.231000  -0.214000
897   -9.49000   -2.31000   -2.14000   1.259813   -0.949000  -0.231000  -0.214000
898   -5.87000   -7.19000    3.73000   1.262469   -0.587000  -0.719000  0.373000
899   -2.14000   -9.49000   -2.31000   1.259813   -0.214000  -0.949000  -0.231000
900    3.73000   -5.87000   -7.19000   1.262469   0.373000  -0.587000  -0.719000
901    2.31000   -2.14000   -9.49000   1.259813   0.231000  -0.214000  -0.949000
902   -2.31000   -2.14000   -9.49000   1.259813   -0.231000  -0.214000  -0.949000
903   -3.73000   -5.87000   -7.19000   1.262469   -0.373000  -0.587000  -0.719000
904    2.82000   -3.13000    9.07000   1.182877   0.282000  -0.313000  0.907000
905    7.94000    3.51000    4.96000   1.179538   0.794000  0.351000  0.496000
906    2.09000    9.71000    1.13000   1.187425   0.209000  0.971000  0.113000
907   -6.65000    6.90000    2.87000   1.184602   -0.665000  0.690000  0.287000
908   -6.20000   -1.04000    7.78000   1.186270   -0.620000  -0.104000  0.778000
909   -2.09000   -9.71000    1.13000   1.187425   -0.209000  -0.971000  0.113000
910    6.65000   -6.90000    2.87000   1.184602   0.665000  -0.690000  0.287000
911    7.78000   -6.20000   -1.04000   1.186270   0.778000  -0.620000  -0.104000
912    9.07000    2.82000   -3.13000   1.182877   0.907000  0.282000  -0.313000
913    6.90000    2.87000   -6.65000   1.184602   0.690000  0.287000  -0.665000
914   -1.04000    7.78000   -6.20000   1.186270   -0.104000  0.778000  -0.620000
915   -3.51000    4.96000   -7.94000   1.179538   -0.351000  0.496000  -0.794000
916   -9.71000    1.13000   -2.09000   1.187425   -0.971000  0.113000  -0.209000
917   -9.07000   -2.82000   -3.13000   1.182877   -0.907000  -0.282000  -0.313000
918   -4.96000   -7.94000    3.51000   1.179538   -0.496000  -0.794000  0.351000
919   -3.13000   -9.07000   -2.82000   1.182877   -0.313000  -0.907000  -0.282000
920    3.51000   -4.96000   -7.94000   1.179538   0.351000  -0.496000  -0.794000
921    1.13000   -2.09000   -9.71000   1.187425   0.113000  -0.209000  -0.971000
922   -2.82000   -3.13000   -9.07000   1.182877   -0.282000  -0.313000  -0.907000
923   -2.87000   -6.65000   -6.90000   1.184602   -0.287000  -0.665000  -0.690000
924   -2.02000   -9.79000    0.00000   1.129586   -0.202000  -0.979000  0.000000
925    7.30000   -6.53000    2.02000   1.127554   0.730000  -0.653000  0.202000
926    8.55000    3.26000   -4.04000   1.126657   0.855000  0.326000  -0.404000
927   -2.02000    7.30000   -6.53000   1.127554   -0.202000  0.730000  -0.653000
928   -9.79000    0.00000   -2.02000   1.129586   -0.979000  0.000000  -0.202000
929   -4.04000   -8.55000    3.26000   1.126657   -0.404000  -0.855000  0.326000
930    3.26000   -4.04000   -8.55000   1.126657   0.326000  -0.404000  -0.855000
931    0.00000   -2.02000   -9.79000   1.129586   0.000000  -0.202000  -0.979000
932   -3.26000   -4.04000   -8.55000   1.126657   -0.326000  -0.404000  -0.855000
933    0.56000   -1.04000    9.93000   1.190111   0.056000  -0.104000  0.993000
934    5.98000    3.00000    7.43000   1.192216   0.598000  0.300000  0.743000
935    3.13000    8.64000    3.95000   1.194565   0.313000  0.864000  0.395000
936   -4.05000    8.07000    4.29000   1.193713   -0.405000  0.807000  0.429000
937   -5.64000    2.09000    7.99000   1.190226   -0.564000  0.209000  0.799000
938   -3.13000   -8.64000    3.95000   1.194565   -0.313000  -0.864000  0.395000
939    4.05000   -8.07000    4.29000   1.193713   0.405000  -0.807000  0.429000
940    7.99000   -5.64000    2.09000   1.190226   0.799000  -0.564000  0.209000
941    9.93000    0.56000   -1.04000   1.190111   0.993000  0.056000  -0.104000
942    8.07000    4.29000   -4.05000   1.193713   0.807000  0.429000  -0.405000
943    2.09000    7.99000   -5.64000   1.190226   0.209000  0.799000  -0.564000
944   -3.00000    7.43000   -5.98000   1.192216   -0.300000  0.743000  -0.598000
945   -8.64000    3.95000   -3.13000   1.194565   -0.864000  0.395000  -0.313000
946   -9.93000   -0.56000   -1.04000   1.190111   -0.993000  -0.056000  -0.104000
947   -7.43000   -5.98000    3.00000   1.192216   -0.743000  -0.598000  0.300000
948   -1.04000   -9.93000   -0.56000   1.190111   -0.104000  -0.993000  -0.056000
949    3.00000   -7.43000   -5.98000   1.192216   0.300000  -0.743000  -0.598000
950    3.95000   -3.13000   -8.64000   1.194565   0.395000  -0.313000  -0.864000
951   -0.56000   -1.04000   -9.93000   1.190111   -0.056000  -0.104000  -0.993000
952   -4.29000   -4.05000   -8.07000   1.193713   -0.429000  -0.405000  -0.807000
953    1.13000   -2.09000    9.71000   1.187425   0.113000  -0.209000  0.971000
954    6.90000    2.87000    6.65000   1.184602   0.690000  0.287000  0.665000
955    3.13000    9.07000    2.82000   1.182877   0.313000  0.907000  0.282000
956   -4.96000    7.94000    3.51000   1.179538   -0.496000  0.794000  0.351000
957   -6.20000    1.04000    7.78000   1.186270   -0.620000  0.104000  0.778000
958   -3.13000   -9.07000    2.82000   1.182877   -0.313000  -0.907000  0.282000
959    4.96000   -7.94000    3.51000   1.179538   0.496000  -0.794000  0.351000
960    7.78000   -6.20000    1.04000   1.186270   0.778000  -0.620000  0.104000
961    9.71000    1.13000   -2.09000   1.187425   0.971000  0.113000  -0.209000
962    7.94000    3.51000   -4.96000   1.179538   0.794000  0.351000  -0.496000
963    1.04000    7.78000   -6.20000   1.186270   0.104000  0.778000  -0.620000
964   -2.87000    6.65000   -6.90000   1.184602   -0.287000  0.665000  -0.690000
965   -9.07000    2.82000   -3.13000   1.182877   -0.907000  0.282000  -0.313000
966   -9.71000   -1.13000   -2.09000   1.187425   -0.971000  -0.113000  -0.209000
967   -6.65000   -6.90000    2.87000   1.184602   -0.665000  -0.690000  0.287000
968   -2.09000   -9.71000   -1.13000   1.187425   -0.209000  -0.971000  -0.113000
969    2.87000   -6.65000   -6.90000   1.184602   0.287000  -0.665000  -0.690000
970    2.82000   -3.13000   -9.07000   1.182877   0.282000  -0.313000  -0.907000
971   -1.13000   -2.09000   -9.71000   1.187425   -0.113000  -0.209000  -0.971000
972   -3.51000   -4.96000   -7.94000   1.179538   -0.351000  -0.496000  -0.794000
973    1.67000   -3.09000    9.36000   1.134763   0.167000  -0.309000  0.936000
974    7.70000    2.70000    5.79000   1.131706   0.770000  0.270000  0.579000
975    3.09000    9.36000    1.67000   1.134763   0.309000  0.936000  0.167000
976   -5.79000    7.70000    2.70000   1.131706   -0.579000  0.770000  0.270000
977   -6.67000   -0.00000    7.45000   1.134926   -0.667000  -0.000000  0.745000
978   -3.09000   -9.36000    1.67000   1.134763   -0.309000  -0.936000  0.167000
979    5.79000   -7.70000    2.70000   1.131706   0.579000  -0.770000  0.270000
980    7.45000   -6.67000   -0.00000   1.134926   0.745000  -0.667000  -0.000000
981    9.36000    1.67000   -3.09000   1.134763   0.936000  0.167000  -0.309000
982    7.70000    2.70000   -5.79000   1.131706   0.770000  0.270000  -0.579000
983   -0.00000    7.45000   -6.67000   1.134926   -0.000000  0.745000  -0.667000
984   -2.70000    5.79000   -7.70000   1.131706   -0.270000  0.579000  -0.770000
985   -9.36000    1.67000   -3.09000   1.134763   -0.936000  0.167000  -0.309000
986   -9.36000   -1.67000   -3.09000   1.134763   -0.936000  -0.167000  -0.309000
987   -5.79000   -7.70000    2.70000   1.131706   -0.579000  -0.770000  0.270000
988   -3.09000   -9.36000   -1.67000   1.134763   -0.309000  -0.936000  -0.167000
989    2.70000   -5.79000   -7.70000   1.131706   0.270000  -0.579000  -0.770000
990    1.67000   -3.09000   -9.36000   1.134763   0.167000  -0.309000  -0.936000
991   -1.67000   -3.09000   -9.36000   1.134763   -0.167000  -0.309000  -0.936000
992   -2.70000   -5.79000   -7.70000   1.131706   -0.270000  -0.579000  -0.770000
993    2.16000   -4.01000    8.90000   1.051079   0.216000  -0.401000  0.890000
994    8.36000    2.50000    4.88000   1.051986   0.836000  0.250000  0.488000
995    3.01000    9.52000    0.54000   1.052997   0.301000  0.952000  0.054000
996   -6.50000    7.36000    1.88000   1.050861   -0.650000  0.736000  0.188000
997   -7.03000   -1.00000    7.04000   1.054618   -0.703000  -0.100000  0.704000
998   -3.01000   -9.52000    0.54000   1.052997   -0.301000  -0.952000  0.054000
999    6.50000   -7.36000    1.88000   1.050861   0.650000  -0.736000  0.188000
1000    7.04000   -7.03000   -1.00000   1.054618   0.704000  -0.703000  -0.100000
1001    8.90000    2.16000   -4.01000   1.051079   0.890000  0.216000  -0.401000
1002    7.36000    1.88000   -6.50000   1.050861   0.736000  0.188000  -0.650000
1003   -1.00000    7.04000   -7.03000   1.054618   -0.100000  0.704000  -0.703000
1004   -2.50000    4.88000   -8.36000   1.051986   -0.250000  0.488000  -0.836000
1005   -9.52000    0.54000   -3.01000   1.052997   -0.952000  0.054000  -0.301000
1006   -8.90000   -2.16000   -4.01000   1.051079   -0.890000  -0.216000  -0.401000
1007   -4.88000   -8.36000    2.50000   1.051986   -0.488000  -0.836000  0.250000
1008   -4.01000   -8.90000   -2.16000   1.051079   -0.401000  -0.890000  -0.216000
1009    2.50000   -4.88000   -8.36000   1.051986   0.250000  -0.488000  -0.836000
1010    0.54000   -3.01000   -9.52000   1.052997   0.054000  -0.301000  -0.952000
1011   -2.16000   -4.01000   -8.90000   1.051079   -0.216000  -0.401000  -0.890000
1012   -1.88000   -6.50000   -7.36000   1.050861   -0.188000  -0.650000  -0.736000
1013    0.54000   -3.01000    9.52000   1.052997   0.054000  -0.301000  0.952000
1014    7.36000    1.88000    6.50000   1.050861   0.736000  0.188000  0.650000
1015    4.01000    8.90000    2.16000   1.051079   0.401000  0.890000  0.216000
1016   -4.88000    8.36000    2.50000   1.051986   -0.488000  0.836000  0.250000
1017   -7.03000    1.00000    7.04000   1.054618   -0.703000  0.100000  0.704000
1018   -4.01000   -8.90000    2.16000   1.051079   -0.401000  -0.890000  0.216000
1019    4.88000   -8.36000    2.50000   1.051986   0.488000  -0.836000  0.250000
1020    7.04000   -7.03000    1.00000   1.054618   0.704000  -0.703000  0.100000
1021    9.52000    0.54000   -3.01000   1.052997   0.952000  0.054000  -0.301000
1022    8.36000    2.50000   -4.88000   1.051986   0.836000  0.250000  -0.488000
1023    1.00000    7.04000   -7.03000   1.054618   0.100000  0.704000  -0.703000
1024   -1.88000    6.50000   -7.36000   1.050861   -0.188000  0.650000  -0.736000
1025   -8.90000    2.16000   -4.01000   1.051079   -0.890000  0.216000  -0.401000
1026   -9.52000   -0.54000   -3.01000   1.052997   -0.952000  -0.054000  -0.301000
1027   -6.50000   -7.36000    1.88000   1.050861   -0.650000  -0.736000  0.188000
1028   -3.01000   -9.52000   -0.54000   1.052997   -0.301000  -0.952000  -0.054000
1029    1.88000   -6.50000   -7.36000   1.050861   0.188000  -0.650000  -0.736000
1030    2.16000   -4.01000   -8.90000   1.051079   0.216000  -0.401000  -0.890000
1031   -0.54000   -3.01000   -9.52000   1.052997   -0.054000  -0.301000  -0.952000
1032   -2.50000   -4.88000   -8.36000   1.051986   -0.250000  -0.488000  -0.836000
1033    1.06000   -3.93000    9.13000   0.984887   0.106000  -0.393000  0.913000
1034    8.07000    1.71000    5.65000   0.990800   0.807000  0.171000  0.565000
1035    3.93000    9.13000    1.06000   0.984887   0.393000  0.913000  0.106000
1036   -5.65000    8.07000    1.71000   0.990800   -0.565000  0.807000  0.171000
1037   -7.42000    0.00000    6.70000   0.982529   -0.742000  0.000000  0.670000
1038   -3.93000   -9.13000    1.06000   0.984887   -0.393000  -0.913000  0.106000
1039    5.65000   -8.07000    1.71000   0.990800   0.565000  -0.807000  0.171000
1040    6.70000   -7.42000    0.00000   0.982529   0.670000  -0.742000  0.000000
1041    9.13000    1.06000   -3.93000   0.984887   0.913000  0.106000  -0.393000
1042    8.07000    1.71000   -5.65000   0.990800   0.807000  0.171000  -0.565000
1043    0.00000    6.70000   -7.42000   0.982529   0.000000  0.670000  -0.742000
1044   -1.71000    5.65000   -8.07000   0.990800   -0.171000  0.565000  -0.807000
1045   -9.13000    1.06000   -3.93000   0.984887   -0.913000  0.106000  -0.393000
1046   -9.13000   -1.06000   -3.93000   0.984887   -0.913000  -0.106000  -0.393000
1047   -5.65000   -8.07000    1.71000   0.990800   -0.565000  -0.807000  0.171000
1048   -3.93000   -9.13000   -1.06000   0.984887   -0.393000  -0.913000  -0.106000
1049    1.71000   -5.65000   -8.07000   0.990800   0.171000  -0.565000  -0.807000
1050    1.06000   -3.93000   -9.13000   0.984887   0.106000  -0.393000  -0.913000
1051   -1.06000   -3.93000   -9.13000   0.984887   -0.106000  -0.393000  -0.913000
1052   -1.71000   -5.65000   -8.07000   0.990800   -0.171000  -0.565000  -0.807000
1053   -3.81000   -9.25000    0.00000   0.938589   -0.381000  -0.925000  0.000000
1054    6.30000   -7.70000    0.95000   0.938911   0.630000  -0.770000  0.095000
1055    8.66000    1.54000   -4.76000   0.943187   0.866000  0.154000  -0.476000
1056   -0.95000    6.30000   -7.70000   0.938911   -0.095000  0.630000  -0.770000
1057   -9.25000    0.00000   -3.81000   0.938589   -0.925000  0.000000  -0.381000
1058   -4.76000   -8.66000    1.54000   0.943187   -0.476000  -0.866000  0.154000
1059    1.54000   -4.76000   -8.66000   0.943187   0.154000  -0.476000  -0.866000
1060    0.00000   -3.81000   -9.25000   0.938589   0.000000  -0.381000  -0.925000
1061   -1.54000   -4.76000   -8.66000   0.943187   -0.154000  -0.476000  -0.866000
1062    0.50000   -4.65000    8.84000   0.846504   0.050000  -0.465000  0.884000
1063    8.34000    0.81000    5.46000   0.847658   0.834000  0.081000  0.546000
1064    4.65000    8.84000    0.50000   0.846504   0.465000  0.884000  0.050000
1065   -5.46000    8.34000    0.81000   0.847658   -0.546000  0.834000  0.081000
1066   -8.03000   -0.00000    5.96000   0.846326   -0.803000  -0.000000  0.596000
1067   -4.65000   -8.84000    0.50000   0.846504   -0.465000  -0.884000  0.050000
1068    5.46000   -8.34000    0.81000   0.847658   0.546000  -0.834000  0.081000
1069    5.96000   -8.03000   -0.00000   0.846326   0.596000  -0.803000  -0.000000
1070    8.84000    0.50000   -4.65000   0.846504   0.884000  0.050000  -0.465000
1071    8.34000    0.81000   -5.46000   0.847658   0.834000  0.081000  -0.546000
1072   -0.00000    5.96000   -8.03000   0.846326   -0.000000  0.596000  -0.803000
1073   -0.81000    5.46000   -8.34000   0.847658   -0.081000  0.546000  -0.834000
1074   -8.84000    0.50000   -4.65000   0.846504   -0.884000  0.050000  -0.465000
1075   -8.84000   -0.50000   -4.65000   0.846504   -0.884000  -0.050000  -0.465000
1076   -5.46000   -8.34000    0.81000   0.847658   -0.546000  -0.834000  0.081000
1077   -4.65000   -8.84000   -0.50000   0.846504   -0.465000  -0.884000  -0.050000
1078    0.81000   -5.46000   -8.34000   0.847658   0.081000  -0.546000  -0.834000
1079    0.50000   -4.65000   -8.84000   0.846504   0.050000  -0.465000  -0.884000
1080   -0.50000   -4.65000   -8.84000   0.846504   -0.050000  -0.465000  -0.884000
1081   -0.81000   -5.46000   -8.34000   0.847658   -0.081000  -0.546000  -0.834000
