0    8.51000    0.00000    5.26000   0.698277   0.851000  0.000000  0.526000
1    5.26000    8.51000    0.00000   0.698277   0.526000  0.851000  0.000000
2   -5.26000    8.51000    0.00000   0.698277   -0.526000  0.851000  0.000000
3   -8.51000    0.00000    5.26000   0.698277   -0.851000  0.000000  0.526000
4    0.00000   -5.26000    8.51000   0.698277   0.000000  -0.526000  0.851000
5    5.26000   -8.51000    0.00000   0.698277   0.526000  -0.851000  0.000000
6    8.51000    0.00000   -5.26000   0.698277   0.851000  0.000000  -0.526000
7    0.00000    5.26000   -8.51000   0.698277   0.000000  0.526000  -0.851000
8   -8.51000    0.00000   -5.26000   0.698277   -0.851000  0.000000  -0.526000
9   -5.26000   -8.51000    0.00000   0.698277   -0.526000  -0.851000  0.000000
10    0.00000   -5.26000   -8.51000   0.698277   0.000000  -0.526000  -0.851000
11    7.59000    0.95000    6.44000   1.145199   0.759000  0.095000  0.644000
12    4.80000    8.61000    1.71000   1.142829   0.480000  0.861000  0.171000
13   -4.63000    8.71000    1.64000   1.142632   -0.463000  0.871000  0.164000
14   -7.66000    1.12000    6.33000   1.141479   -0.766000  0.112000  0.633000
15   -0.10000   -3.68000    9.30000   1.145354   -0.010000  -0.368000  0.930000
16    4.63000   -8.71000    1.64000   1.142632   0.463000  -0.871000  0.164000
17    7.66000   -1.12000    6.33000   1.141479   0.766000  -0.112000  0.633000
18    9.30000   -0.10000   -3.68000   1.145354   0.930000  -0.010000  -0.368000
19    6.44000    7.59000    0.95000   1.145199   0.644000  0.759000  0.095000
20    1.12000    6.33000   -7.66000   1.141479   0.112000  0.633000  -0.766000
21   -3.68000    9.30000   -0.10000   1.145354   -0.368000  0.930000  -0.010000
22   -8.61000    1.71000   -4.80000   1.142829   -0.861000  0.171000  -0.480000
23   -8.71000    1.64000    4.63000   1.142632   -0.871000  0.164000  0.463000
24   -6.44000   -7.59000    0.95000   1.145199   -0.644000  -0.759000  0.095000
25   -1.71000   -4.80000    8.61000   1.142829   -0.171000  -0.480000  0.861000
26    0.95000   -6.44000   -7.59000   1.145199   0.095000  -0.644000  -0.759000
27    8.61000   -1.71000   -4.80000   1.142829   0.861000  -0.171000  -0.480000
28    1.64000    4.63000   -8.71000   1.142632   0.164000  0.463000  -0.871000
29   -7.59000    0.95000   -6.44000   1.145199   -0.759000  0.095000  -0.644000
30   -6.33000   -7.66000   -1.12000   1.141479   -0.633000  -0.766000  -0.112000
31    7.98000   -0.06000    6.03000   1.017189   0.798000  -0.006000  0.603000
32    5.53000    8.29000    0.87000   1.017220   0.553000  0.829000  0.087000
33   -4.56000    8.89000    0.50000   1.014046   -0.456000  0.889000  0.050000
34   -8.35000    0.91000    5.43000   1.013698   -0.835000  0.091000  0.543000
35   -0.60000   -4.62000    8.85000   1.016433   -0.060000  -0.462000  0.885000
36    4.56000   -8.89000    0.50000   1.014046   0.456000  -0.889000  0.050000
37    8.35000   -0.91000    5.43000   1.013698   0.835000  -0.091000  0.543000
38    8.85000   -0.60000   -4.62000   1.016433   0.885000  -0.060000  -0.462000
39    6.03000    7.98000   -0.06000   1.017189   0.603000  0.798000  -0.006000
40    0.91000    5.43000   -8.35000   1.013698   0.091000  0.543000  -0.835000
41   -4.62000    8.85000   -0.60000   1.016433   -0.462000  0.885000  -0.060000
42   -8.29000    0.87000   -5.53000   1.017220   -0.829000  0.087000  -0.553000
43   -8.89000    0.50000    4.56000   1.014046   -0.889000  0.050000  0.456000
44   -6.03000   -7.98000   -0.06000   1.017189   -0.603000  -0.798000  -0.006000
45   -0.87000   -5.53000    8.29000   1.017220   -0.087000  -0.553000  0.829000
46   -0.06000   -6.03000   -7.98000   1.017189   -0.006000  -0.603000  -0.798000
47    8.29000   -0.87000   -5.53000   1.017220   0.829000  -0.087000  -0.553000
48    0.50000    4.56000   -8.89000   1.014046   0.050000  0.456000  -0.889000
49   -7.98000   -0.06000   -6.03000   1.017189   -0.798000  -0.006000  -0.603000
50   -5.43000   -8.35000   -0.91000   1.013698   -0.543000  -0.835000  -0.091000
51    6.22000    2.02000    7.56000   1.366003   0.622000  0.202000  0.756000
52    4.07000    8.38000    3.63000   1.368469   0.407000  0.838000  0.363000
53   -3.71000    8.60000    3.49000   1.370725   -0.371000  0.860000  0.349000
54   -6.36000    2.38000    7.34000   1.372300   -0.636000  0.238000  0.734000
55   -0.22000   -1.69000    9.85000   1.366221   -0.022000  -0.169000  0.985000
56    3.71000   -8.60000    3.49000   1.370725   0.371000  -0.860000  0.349000
57    6.36000   -2.38000    7.34000   1.372300   0.636000  -0.238000  0.734000
58    9.85000   -0.22000   -1.69000   1.366221   0.985000  -0.022000  -0.169000
59    7.56000    6.22000    2.02000   1.366003   0.756000  0.622000  0.202000
60    2.38000    7.34000   -6.36000   1.372300   0.238000  0.734000  -0.636000
61   -1.69000    9.85000   -0.22000   1.366221   -0.169000  0.985000  -0.022000
62   -8.38000    3.63000   -4.07000   1.368469   -0.838000  0.363000  -0.407000
63   -8.60000    3.49000    3.71000   1.370725   -0.860000  0.349000  0.371000
64   -7.56000   -6.22000    2.02000   1.366003   -0.756000  -0.622000  0.202000
65   -3.63000   -4.07000    8.38000   1.368469   -0.363000  -0.407000  0.838000
66    2.02000   -7.56000   -6.22000   1.366003   0.202000  -0.756000  -0.622000
67    8.38000   -3.63000   -4.07000   1.368469   0.838000  -0.363000  -0.407000
68    3.49000    3.71000   -8.60000   1.370725   0.349000  0.371000  -0.860000
69   -6.22000    2.02000   -7.56000   1.366003   -0.622000  0.202000  -0.756000
70   -7.34000   -6.36000   -2.38000   1.372300   -0.734000  -0.636000  -0.238000
71    6.82000    0.94000    7.25000   1.290574   0.682000  0.094000  0.725000
72    4.98000    8.23000    2.74000   1.291738   0.498000  0.823000  0.274000
73   -3.75000    8.99000    2.27000   1.290596   -0.375000  0.899000  0.227000
74   -7.29000    2.16000    6.49000   1.291769   -0.729000  0.216000  0.649000
75   -0.76000   -2.81000    9.57000   1.291419   -0.076000  -0.281000  0.957000
76    3.75000   -8.99000    2.27000   1.290596   0.375000  -0.899000  0.227000
77    7.29000   -2.16000    6.49000   1.291769   0.729000  -0.216000  0.649000
78    9.57000   -0.76000   -2.81000   1.291419   0.957000  -0.076000  -0.281000
79    7.25000    6.82000    0.94000   1.290574   0.725000  0.682000  0.094000
80    2.16000    6.49000   -7.29000   1.291769   0.216000  0.649000  -0.729000
81   -2.81000    9.57000   -0.76000   1.291419   -0.281000  0.957000  -0.076000
82   -8.23000    2.74000   -4.98000   1.291738   -0.823000  0.274000  -0.498000
83   -8.99000    2.27000    3.75000   1.290596   -0.899000  0.227000  0.375000
84   -7.25000   -6.82000    0.94000   1.290574   -0.725000  -0.682000  0.094000
85   -2.74000   -4.98000    8.23000   1.291738   -0.274000  -0.498000  0.823000
86    0.94000   -7.25000   -6.82000   1.290574   0.094000  -0.725000  -0.682000
87    8.23000   -2.74000   -4.98000   1.291738   0.823000  -0.274000  -0.498000
88    2.27000    3.75000   -8.99000   1.290596   0.227000  0.375000  -0.899000
89   -6.82000    0.94000   -7.25000   1.290574   -0.682000  0.094000  -0.725000
90   -6.49000   -7.29000   -2.16000   1.291769   -0.649000  -0.729000  -0.216000
91    7.30000   -0.13000    6.84000   1.204426   0.730000  -0.013000  0.684000
92    5.78000    7.95000    1.84000   1.199652   0.578000  0.795000  0.184000
93   -3.73000    9.22000    1.06000   1.197992   -0.373000  0.922000  0.106000
94   -8.08000    1.92000    5.57000   1.198871   -0.808000  0.192000  0.557000
95   -1.27000   -3.86000    9.14000   1.203564   -0.127000  -0.386000  0.914000
96    3.73000   -9.22000    1.06000   1.197992   0.373000  -0.922000  0.106000
97    8.08000   -1.92000    5.57000   1.198871   0.808000  -0.192000  0.557000
98    9.14000   -1.27000   -3.86000   1.203564   0.914000  -0.127000  -0.386000
99    6.84000    7.30000   -0.13000   1.204426   0.684000  0.730000  -0.013000
100    1.92000    5.57000   -8.08000   1.198871   0.192000  0.557000  -0.808000
101   -3.86000    9.14000   -1.27000   1.203564   -0.386000  0.914000  -0.127000
102   -7.95000    1.84000   -5.78000   1.199652   -0.795000  0.184000  -0.578000
103   -9.22000    1.06000    3.73000   1.197992   -0.922000  0.106000  0.373000
104   -6.84000   -7.30000   -0.13000   1.204426   -0.684000  -0.730000  -0.013000
105   -1.84000   -5.78000    7.95000   1.199652   -0.184000  -0.578000  0.795000
106   -0.13000   -6.84000   -7.30000   1.204426   -0.013000  -0.684000  -0.730000
107    7.95000   -1.84000   -5.78000   1.199652   0.795000  -0.184000  -0.578000
108    1.06000    3.73000   -9.22000   1.197992   0.106000  0.373000  -0.922000
109   -7.30000   -0.13000   -6.84000   1.204426   -0.730000  -0.013000  -0.684000
110   -5.57000   -8.08000   -1.92000   1.198871   -0.557000  -0.808000  -0.192000
111    4.44000    3.09000    8.41000   1.424564   0.444000  0.309000  0.841000
112    3.08000    7.74000    5.54000   1.425850   0.308000  0.774000  0.554000
113   -2.54000    8.07000    5.33000   1.431432   -0.254000  0.807000  0.533000
114   -4.65000    3.63000    8.08000   1.430286   -0.465000  0.363000  0.808000
115   -0.33000    0.55000    9.98000   1.422355   -0.033000  0.055000  0.998000
116    2.54000   -8.07000    5.33000   1.431432   0.254000  -0.807000  0.533000
117    4.65000   -3.63000    8.08000   1.430286   0.465000  -0.363000  0.808000
118    9.98000   -0.33000    0.55000   1.422355   0.998000  -0.033000  0.055000
119    8.41000    4.44000    3.09000   1.424564   0.841000  0.444000  0.309000
120    3.63000    8.08000   -4.65000   1.430286   0.363000  0.808000  -0.465000
121    0.55000    9.98000   -0.33000   1.422355   0.055000  0.998000  -0.033000
122   -7.74000    5.54000   -3.08000   1.425850   -0.774000  0.554000  -0.308000
123   -8.07000    5.33000    2.54000   1.431432   -0.807000  0.533000  0.254000
124   -8.41000   -4.44000    3.09000   1.424564   -0.841000  -0.444000  0.309000
125   -5.54000   -3.08000    7.74000   1.425850   -0.554000  -0.308000  0.774000
126    3.09000   -8.41000   -4.44000   1.424564   0.309000  -0.841000  -0.444000
127    7.74000   -5.54000   -3.08000   1.425850   0.774000  -0.554000  -0.308000
128    5.33000    2.54000   -8.07000   1.431432   0.533000  0.254000  -0.807000
129   -4.44000    3.09000   -8.41000   1.424564   -0.444000  0.309000  -0.841000
130   -8.08000   -4.65000   -3.63000   1.430286   -0.808000  -0.465000  -0.363000
131    5.20000    2.03000    8.30000   1.461226   0.520000  0.203000  0.830000
132    4.12000    7.78000    4.74000   1.460368   0.412000  0.778000  0.474000
133   -2.65000    8.69000    4.18000   1.461270   -0.265000  0.869000  0.418000
134   -5.76000    3.49000    7.39000   1.462111   -0.576000  0.349000  0.739000
135   -0.90000   -0.63000    9.94000   1.465417   -0.090000  -0.063000  0.994000
136    2.65000   -8.69000    4.18000   1.461270   0.265000  -0.869000  0.418000
137    5.76000   -3.49000    7.39000   1.462111   0.576000  -0.349000  0.739000
138    9.94000   -0.90000   -0.63000   1.465417   0.994000  -0.090000  -0.063000
139    8.30000    5.20000    2.03000   1.461226   0.830000  0.520000  0.203000
140    3.49000    7.39000   -5.76000   1.462111   0.349000  0.739000  -0.576000
141   -0.63000    9.94000   -0.90000   1.465417   -0.063000  0.994000  -0.090000
142   -7.78000    4.74000   -4.12000   1.460368   -0.778000  0.474000  -0.412000
143   -8.69000    4.18000    2.65000   1.461270   -0.869000  0.418000  0.265000
144   -8.30000   -5.20000    2.03000   1.461226   -0.830000  -0.520000  0.203000
145   -4.74000   -4.12000    7.78000   1.460368   -0.474000  -0.412000  0.778000
146    2.03000   -8.30000   -5.20000   1.461226   0.203000  -0.830000  -0.520000
147    7.78000   -4.74000   -4.12000   1.460368   0.778000  -0.474000  -0.412000
148    4.18000    2.65000   -8.69000   1.461270   0.418000  0.265000  -0.869000
149   -5.20000    2.03000   -8.30000   1.461226   -0.520000  0.203000  -0.830000
150   -7.39000   -5.76000   -3.49000   1.462111   -0.739000  -0.576000  -0.349000
151    5.88000    0.91000    8.04000   1.457529   0.588000  0.091000  0.804000
152    5.10000    7.69000    3.85000   1.454220   0.510000  0.769000  0.385000
153   -2.72000    9.16000    2.94000   1.455250   -0.272000  0.916000  0.294000
154   -6.78000    3.29000    6.57000   1.456352   -0.678000  0.329000  0.657000
155   -1.47000   -1.82000    9.72000   1.456586   -0.147000  -0.182000  0.972000
156    2.72000   -9.16000    2.94000   1.455250   0.272000  -0.916000  0.294000
157    6.78000   -3.29000    6.57000   1.456352   0.678000  -0.329000  0.657000
158    9.72000   -1.47000   -1.82000   1.456586   0.972000  -0.147000  -0.182000
159    8.04000    5.88000    0.91000   1.457529   0.804000  0.588000  0.091000
160    3.29000    6.57000   -6.78000   1.456352   0.329000  0.657000  -0.678000
161   -1.82000    9.72000   -1.47000   1.456586   -0.182000  0.972000  -0.147000
162   -7.69000    3.85000   -5.10000   1.454220   -0.769000  0.385000  -0.510000
163   -9.16000    2.94000    2.72000   1.455250   -0.916000  0.294000  0.272000
164   -8.04000   -5.88000    0.91000   1.457529   -0.804000  -0.588000  0.091000
165   -3.85000   -5.10000    7.69000   1.454220   -0.385000  -0.510000  0.769000
166    0.91000   -8.04000   -5.88000   1.457529   0.091000  -0.804000  -0.588000
167    7.69000   -3.85000   -5.10000   1.454220   0.769000  -0.385000  -0.510000
168    2.94000    2.72000   -9.16000   1.455250   0.294000  0.272000  -0.916000
169   -5.88000    0.91000   -8.04000   1.457529   -0.588000  0.091000  -0.804000
170   -6.57000   -6.78000   -3.29000   1.456352   -0.657000  -0.678000  -0.329000
171    6.44000   -0.21000    7.65000   1.386349   0.644000  -0.021000  0.765000
172    5.98000    7.47000    2.90000   1.387584   0.598000  0.747000  0.290000
173   -2.75000    9.47000    1.67000   1.386098   -0.275000  0.947000  0.167000
174   -7.68000    3.03000    5.65000   1.385868   -0.768000  0.303000  0.565000
175   -2.00000   -2.95000    9.34000   1.384709   -0.200000  -0.295000  0.934000
176    2.75000   -9.47000    1.67000   1.386098   0.275000  -0.947000  0.167000
177    7.68000   -3.03000    5.65000   1.385868   0.768000  -0.303000  0.565000
178    9.34000   -2.00000   -2.95000   1.384709   0.934000  -0.200000  -0.295000
179    7.65000    6.44000   -0.21000   1.386349   0.765000  0.644000  -0.021000
180    3.03000    5.65000   -7.68000   1.385868   0.303000  0.565000  -0.768000
181   -2.95000    9.34000   -2.00000   1.384709   -0.295000  0.934000  -0.200000
182   -7.47000    2.90000   -5.98000   1.387584   -0.747000  0.290000  -0.598000
183   -9.47000    1.67000    2.75000   1.386098   -0.947000  0.167000  0.275000
184   -7.65000   -6.44000   -0.21000   1.386349   -0.765000  -0.644000  -0.021000
185   -2.90000   -5.98000    7.47000   1.387584   -0.290000  -0.598000  0.747000
186   -0.21000   -7.65000   -6.44000   1.386349   -0.021000  -0.765000  -0.644000
187    7.47000   -2.90000   -5.98000   1.387584   0.747000  -0.290000  -0.598000
188    1.67000    2.75000   -9.47000   1.386098   0.167000  0.275000  -0.947000
189   -6.44000   -0.21000   -7.65000   1.386349   -0.644000  -0.021000  -0.765000
190   -5.65000   -7.68000   -3.03000   1.385868   -0.565000  -0.768000  -0.303000
191    6.88000   -1.26000    7.15000   1.277512   0.688000  -0.126000  0.715000
192    6.72000    7.14000    1.96000   1.277029   0.672000  0.714000  0.196000
193   -2.72000    9.61000    0.43000   1.279485   -0.272000  0.961000  0.043000
194   -8.40000    2.74000    4.68000   1.276978   -0.840000  0.274000  0.468000
195   -2.47000   -3.98000    8.83000   1.276142   -0.247000  -0.398000  0.883000
196    2.72000   -9.61000    0.43000   1.279485   0.272000  -0.961000  0.043000
197    8.40000   -2.74000    4.68000   1.276978   0.840000  -0.274000  0.468000
198    8.83000   -2.47000   -3.98000   1.276142   0.883000  -0.247000  -0.398000
199    7.15000    6.88000   -1.26000   1.277512   0.715000  0.688000  -0.126000
200    2.74000    4.68000   -8.40000   1.276978   0.274000  0.468000  -0.840000
201   -3.98000    8.83000   -2.47000   1.276142   -0.398000  0.883000  -0.247000
202   -7.14000    1.96000   -6.72000   1.277029   -0.714000  0.196000  -0.672000
203   -9.61000    0.43000    2.72000   1.279485   -0.961000  0.043000  0.272000
204   -7.15000   -6.88000   -1.26000   1.277512   -0.715000  -0.688000  -0.126000
205   -1.96000   -6.72000    7.14000   1.277029   -0.196000  -0.672000  0.714000
206   -1.26000   -7.15000   -6.88000   1.277512   -0.126000  -0.715000  -0.688000
207    7.14000   -1.96000   -6.72000   1.277029   0.714000  -0.196000  -0.672000
208    0.43000    2.72000   -9.61000   1.279485   0.043000  0.272000  -0.961000
209   -6.88000   -1.26000   -7.15000   1.277512   -0.688000  -0.126000  -0.715000
210   -4.68000   -8.40000   -2.74000   1.276978   -0.468000  -0.840000  -0.274000
211    2.47000    3.98000    8.83000   1.276142   0.247000  0.398000  0.883000
212    1.96000    6.72000    7.14000   1.277029   0.196000  0.672000  0.714000
213   -1.26000    7.15000    6.88000   1.277512   -0.126000  0.715000  0.688000
214   -2.74000    4.68000    8.40000   1.276978   -0.274000  0.468000  0.840000
215   -0.43000    2.72000    9.61000   1.279485   -0.043000  0.272000  0.961000
216    1.26000   -7.15000    6.88000   1.277512   0.126000  -0.715000  0.688000
217    2.74000   -4.68000    8.40000   1.276978   0.274000  -0.468000  0.840000
218    9.61000   -0.43000    2.72000   1.279485   0.961000  -0.043000  0.272000
219    8.83000    2.47000    3.98000   1.276142   0.883000  0.247000  0.398000
220    4.68000    8.40000   -2.74000   1.276978   0.468000  0.840000  -0.274000
221    2.72000    9.61000   -0.43000   1.279485   0.272000  0.961000  -0.043000
222   -6.72000    7.14000   -1.96000   1.277029   -0.672000  0.714000  -0.196000
223   -7.15000    6.88000    1.26000   1.277512   -0.715000  0.688000  0.126000
224   -8.83000   -2.47000    3.98000   1.276142   -0.883000  -0.247000  0.398000
225   -7.14000   -1.96000    6.72000   1.277029   -0.714000  -0.196000  0.672000
226    3.98000   -8.83000   -2.47000   1.276142   0.398000  -0.883000  -0.247000
227    6.72000   -7.14000   -1.96000   1.277029   0.672000  -0.714000  -0.196000
228    6.88000    1.26000   -7.15000   1.277512   0.688000  0.126000  -0.715000
229   -2.47000    3.98000   -8.83000   1.276142   -0.247000  0.398000  -0.883000
230   -8.40000   -2.74000   -4.68000   1.276978   -0.840000  -0.274000  -0.468000
231    3.25000    3.05000    8.95000   1.425365   0.325000  0.305000  0.895000
232    3.02000    6.92000    6.56000   1.425357   0.302000  0.692000  0.656000
233   -1.38000    7.93000    5.94000   1.428442   -0.138000  0.793000  0.594000
234   -3.87000    4.68000    7.95000   1.420114   -0.387000  0.468000  0.795000
235   -1.01000    1.66000    9.81000   1.425020   -0.101000  0.166000  0.981000
236    1.38000   -7.93000    5.94000   1.428442   0.138000  -0.793000  0.594000
237    3.87000   -4.68000    7.95000   1.420114   0.387000  -0.468000  0.795000
238    9.81000   -1.01000    1.66000   1.425020   0.981000  -0.101000  0.166000
239    8.95000    3.25000    3.05000   1.425365   0.895000  0.325000  0.305000
240    4.68000    7.95000   -3.87000   1.420114   0.468000  0.795000  -0.387000
241    1.66000    9.81000   -1.01000   1.425020   0.166000  0.981000  -0.101000
242   -6.92000    6.56000   -3.02000   1.425357   -0.692000  0.656000  -0.302000
243   -7.93000    5.94000    1.38000   1.428442   -0.793000  0.594000  0.138000
244   -8.95000   -3.25000    3.05000   1.425365   -0.895000  -0.325000  0.305000
245   -6.56000   -3.02000    6.92000   1.425357   -0.656000  -0.302000  0.692000
246    3.05000   -8.95000   -3.25000   1.425365   0.305000  -0.895000  -0.325000
247    6.92000   -6.56000   -3.02000   1.425357   0.692000  -0.656000  -0.302000
248    5.94000    1.38000   -7.93000   1.428442   0.594000  0.138000  -0.793000
249   -3.25000    3.05000   -8.95000   1.425365   -0.325000  0.305000  -0.895000
250   -7.95000   -3.87000   -4.68000   1.420114   -0.795000  -0.387000  -0.468000
251    4.03000    1.99000    8.93000   1.539482   0.403000  0.199000  0.893000
252    4.10000    7.01000    5.83000   1.538265   0.410000  0.701000  0.583000
253   -1.49000    8.63000    4.83000   1.539960   -0.149000  0.863000  0.483000
254   -5.02000    4.60000    7.32000   1.539943   -0.502000  0.460000  0.732000
255   -1.61000    0.50000    9.86000   1.542414   -0.161000  0.050000  0.986000
256    1.49000   -8.63000    4.83000   1.539960   0.149000  -0.863000  0.483000
257    5.02000   -4.60000    7.32000   1.539943   0.502000  -0.460000  0.732000
258    9.86000   -1.61000    0.50000   1.542414   0.986000  -0.161000  0.050000
259    8.93000    4.03000    1.99000   1.539482   0.893000  0.403000  0.199000
260    4.60000    7.32000   -5.02000   1.539943   0.460000  0.732000  -0.502000
261    0.50000    9.86000   -1.61000   1.542414   0.050000  0.986000  -0.161000
262   -7.01000    5.83000   -4.10000   1.538265   -0.701000  0.583000  -0.410000
263   -8.63000    4.83000    1.49000   1.539960   -0.863000  0.483000  0.149000
264   -8.93000   -4.03000    1.99000   1.539482   -0.893000  -0.403000  0.199000
265   -5.83000   -4.10000    7.01000   1.538265   -0.583000  -0.410000  0.701000
266    1.99000   -8.93000   -4.03000   1.539482   0.199000  -0.893000  -0.403000
267    7.01000   -5.83000   -4.10000   1.538265   0.701000  -0.583000  -0.410000
268    4.83000    1.49000   -8.63000   1.539960   0.483000  0.149000  -0.863000
269   -4.03000    1.99000   -8.93000   1.539482   -0.403000  0.199000  -0.893000
270   -7.32000   -5.02000   -4.60000   1.539943   -0.732000  -0.502000  -0.460000
271    4.76000    0.86000    8.75000   1.579488   0.476000  0.086000  0.875000
272    5.15000    6.99000    4.96000   1.576015   0.515000  0.699000  0.496000
273   -1.58000    9.19000    3.60000   1.577351   -0.158000  0.919000  0.360000
274   -6.13000    4.43000    6.54000   1.579484   -0.613000  0.443000  0.654000
275   -2.21000   -0.72000    9.73000   1.582826   -0.221000  -0.072000  0.973000
276    1.58000   -9.19000    3.60000   1.577351   0.158000  -0.919000  0.360000
277    6.13000   -4.43000    6.54000   1.579484   0.613000  -0.443000  0.654000
278    9.73000   -2.21000   -0.72000   1.582826   0.973000  -0.221000  -0.072000
279    8.75000    4.76000    0.86000   1.579488   0.875000  0.476000  0.086000
280    4.43000    6.54000   -6.13000   1.579484   0.443000  0.654000  -0.613000
281   -0.72000    9.73000   -2.21000   1.582826   -0.072000  0.973000  -0.221000
282   -6.99000    4.96000   -5.15000   1.576015   -0.699000  0.496000  -0.515000
283   -9.19000    3.60000    1.58000   1.577351   -0.919000  0.360000  0.158000
284   -8.75000   -4.76000    0.86000   1.579488   -0.875000  -0.476000  0.086000
285   -4.96000   -5.15000    6.99000   1.576015   -0.496000  -0.515000  0.699000
286    0.86000   -8.75000   -4.76000   1.579488   0.086000  -0.875000  -0.476000
287    6.99000   -4.96000   -5.15000   1.576015   0.699000  -0.496000  -0.515000
288    3.60000    1.58000   -9.19000   1.577351   0.360000  0.158000  -0.919000
289   -4.76000    0.86000   -8.75000   1.579488   -0.476000  0.086000  -0.875000
290   -6.54000   -6.13000   -4.43000   1.579484   -0.654000  -0.613000  -0.443000
291    5.41000   -0.28000    8.41000   1.537104   0.541000  -0.028000  0.841000
292    6.10000    6.83000    4.01000   1.536489   0.610000  0.683000  0.401000
293   -1.64000    9.59000    2.30000   1.538759   -0.164000  0.959000  0.230000
294   -7.12000    4.18000    5.64000   1.533600   -0.712000  0.418000  0.564000
295   -2.76000   -1.92000    9.42000   1.538961   -0.276000  -0.192000  0.942000
296    1.64000   -9.59000    2.30000   1.538759   0.164000  -0.959000  0.230000
297    7.12000   -4.18000    5.64000   1.533600   0.712000  -0.418000  0.564000
298    9.42000   -2.76000   -1.92000   1.538961   0.942000  -0.276000  -0.192000
299    8.41000    5.41000   -0.28000   1.537104   0.841000  0.541000  -0.028000
300    4.18000    5.64000   -7.12000   1.533600   0.418000  0.564000  -0.712000
301   -1.92000    9.42000   -2.76000   1.538961   -0.192000  0.942000  -0.276000
302   -6.83000    4.01000   -6.10000   1.536489   -0.683000  0.401000  -0.610000
303   -9.59000    2.30000    1.64000   1.538759   -0.959000  0.230000  0.164000
304   -8.41000   -5.41000   -0.28000   1.537104   -0.841000  -0.541000  -0.028000
305   -4.01000   -6.10000    6.83000   1.536489   -0.401000  -0.610000  0.683000
306   -0.28000   -8.41000   -5.41000   1.537104   -0.028000  -0.841000  -0.541000
307    6.83000   -4.01000   -6.10000   1.536489   0.683000  -0.401000  -0.610000
308    2.30000    1.64000   -9.59000   1.538759   0.230000  0.164000  -0.959000
309   -5.41000   -0.28000   -8.41000   1.537104   -0.541000  -0.028000  -0.841000
310   -5.64000   -7.12000   -4.18000   1.533600   -0.564000  -0.712000  -0.418000
311    5.94000   -1.38000    7.93000   1.428442   0.594000  -0.138000  0.793000
312    6.92000    6.56000    3.02000   1.425357   0.692000  0.656000  0.302000
313   -1.66000    9.81000    1.01000   1.425020   -0.166000  0.981000  0.101000
314   -7.95000    3.87000    4.68000   1.420114   -0.795000  0.387000  0.468000
315   -3.25000   -3.05000    8.95000   1.425365   -0.325000  -0.305000  0.895000
316    1.66000   -9.81000    1.01000   1.425020   0.166000  -0.981000  0.101000
317    7.95000   -3.87000    4.68000   1.420114   0.795000  -0.387000  0.468000
318    8.95000   -3.25000   -3.05000   1.425365   0.895000  -0.325000  -0.305000
319    7.93000    5.94000   -1.38000   1.428442   0.793000  0.594000  -0.138000
320    3.87000    4.68000   -7.95000   1.420114   0.387000  0.468000  -0.795000
321   -3.05000    8.95000   -3.25000   1.425365   -0.305000  0.895000  -0.325000
322   -6.56000    3.02000   -6.92000   1.425357   -0.656000  0.302000  -0.692000
323   -9.81000    1.01000    1.66000   1.425020   -0.981000  0.101000  0.166000
324   -7.93000   -5.94000   -1.38000   1.428442   -0.793000  -0.594000  -0.138000
325   -3.02000   -6.92000    6.56000   1.425357   -0.302000  -0.692000  0.656000
326   -1.38000   -7.93000   -5.94000   1.428442   -0.138000  -0.793000  -0.594000
327    6.56000   -3.02000   -6.92000   1.425357   0.656000  -0.302000  -0.692000
328    1.01000    1.66000   -9.81000   1.425020   0.101000  0.166000  -0.981000
329   -5.94000   -1.38000   -7.93000   1.428442   -0.594000  -0.138000  -0.793000
330   -4.68000   -7.95000   -3.87000   1.420114   -0.468000  -0.795000  -0.387000
331    0.00000    5.26000    8.51000   0.698277   0.000000  0.526000  0.851000
332    0.60000    4.62000    8.85000   1.016433   0.060000  0.462000  0.885000
333    0.87000    5.53000    8.29000   1.017220   0.087000  0.553000  0.829000
334   -0.06000    6.03000    7.98000   1.017189   -0.006000  0.603000  0.798000
335   -0.91000    5.43000    8.35000   1.013698   -0.091000  0.543000  0.835000
336   -0.50000    4.56000    8.89000   1.014046   -0.050000  0.456000  0.889000
337    0.06000   -6.03000    7.98000   1.017189   0.006000  -0.603000  0.798000
338    0.91000   -5.43000    8.35000   1.013698   0.091000  -0.543000  0.835000
339    8.89000   -0.50000    4.56000   1.014046   0.889000  -0.050000  0.456000
340    8.85000    0.60000    4.62000   1.016433   0.885000  0.060000  0.462000
341    5.43000    8.35000   -0.91000   1.013698   0.543000  0.835000  -0.091000
342    4.56000    8.89000   -0.50000   1.014046   0.456000  0.889000  -0.050000
343   -5.53000    8.29000   -0.87000   1.017220   -0.553000  0.829000  -0.087000
344   -6.03000    7.98000    0.06000   1.017189   -0.603000  0.798000  0.006000
345   -8.85000   -0.60000    4.62000   1.016433   -0.885000  -0.060000  0.462000
346   -8.29000   -0.87000    5.53000   1.017220   -0.829000  -0.087000  0.553000
347    4.62000   -8.85000   -0.60000   1.016433   0.462000  -0.885000  -0.060000
348    5.53000   -8.29000   -0.87000   1.017220   0.553000  -0.829000  -0.087000
349    7.98000    0.06000   -6.03000   1.017189   0.798000  0.006000  -0.603000
350   -0.60000    4.62000   -8.85000   1.016433   -0.060000  0.462000  -0.885000
351   -8.35000   -0.91000   -5.43000   1.013698   -0.835000  -0.091000  -0.543000
352    1.27000    3.86000    9.14000   1.203564   0.127000  0.386000  0.914000
353    1.84000    5.78000    7.95000   1.199652   0.184000  0.578000  0.795000
354   -0.13000    6.84000    7.30000   1.204426   -0.013000  0.684000  0.730000
355   -1.92000    5.57000    8.08000   1.198871   -0.192000  0.557000  0.808000
356   -1.06000    3.73000    9.22000   1.197992   -0.106000  0.373000  0.922000
357    0.13000   -6.84000    7.30000   1.204426   0.013000  -0.684000  0.730000
358    1.92000   -5.57000    8.08000   1.198871   0.192000  -0.557000  0.808000
359    9.22000   -1.06000    3.73000   1.197992   0.922000  -0.106000  0.373000
360    9.14000    1.27000    3.86000   1.203564   0.914000  0.127000  0.386000
361    5.57000    8.08000   -1.92000   1.198871   0.557000  0.808000  -0.192000
362    3.73000    9.22000   -1.06000   1.197992   0.373000  0.922000  -0.106000
363   -5.78000    7.95000   -1.84000   1.199652   -0.578000  0.795000  -0.184000
364   -6.84000    7.30000    0.13000   1.204426   -0.684000  0.730000  0.013000
365   -9.14000   -1.27000    3.86000   1.203564   -0.914000  -0.127000  0.386000
366   -7.95000   -1.84000    5.78000   1.199652   -0.795000  -0.184000  0.578000
367    3.86000   -9.14000   -1.27000   1.203564   0.386000  -0.914000  -0.127000
368    5.78000   -7.95000   -1.84000   1.199652   0.578000  -0.795000  -0.184000
369    7.30000    0.13000   -6.84000   1.204426   0.730000  0.013000  -0.684000
370   -1.27000    3.86000   -9.14000   1.203564   -0.127000  0.386000  -0.914000
371   -8.08000   -1.92000   -5.57000   1.198871   -0.808000  -0.192000  -0.557000
372    2.00000    2.95000    9.34000   1.384709   0.200000  0.295000  0.934000
373    2.90000    5.98000    7.47000   1.387584   0.290000  0.598000  0.747000
374   -0.21000    7.65000    6.44000   1.386349   -0.021000  0.765000  0.644000
375   -3.03000    5.65000    7.68000   1.385868   -0.303000  0.565000  0.768000
376   -1.67000    2.75000    9.47000   1.386098   -0.167000  0.275000  0.947000
377    0.21000   -7.65000    6.44000   1.386349   0.021000  -0.765000  0.644000
378    3.03000   -5.65000    7.68000   1.385868   0.303000  -0.565000  0.768000
379    9.47000   -1.67000    2.75000   1.386098   0.947000  -0.167000  0.275000
380    9.34000    2.00000    2.95000   1.384709   0.934000  0.200000  0.295000
381    5.65000    7.68000   -3.03000   1.385868   0.565000  0.768000  -0.303000
382    2.75000    9.47000   -1.67000   1.386098   0.275000  0.947000  -0.167000
383   -5.98000    7.47000   -2.90000   1.387584   -0.598000  0.747000  -0.290000
384   -7.65000    6.44000    0.21000   1.386349   -0.765000  0.644000  0.021000
385   -9.34000   -2.00000    2.95000   1.384709   -0.934000  -0.200000  0.295000
386   -7.47000   -2.90000    5.98000   1.387584   -0.747000  -0.290000  0.598000
387    2.95000   -9.34000   -2.00000   1.384709   0.295000  -0.934000  -0.200000
388    5.98000   -7.47000   -2.90000   1.387584   0.598000  -0.747000  -0.290000
389    6.44000    0.21000   -7.65000   1.386349   0.644000  0.021000  -0.765000
390   -2.00000    2.95000   -9.34000   1.384709   -0.200000  0.295000  -0.934000
391   -7.68000   -3.03000   -5.65000   1.385868   -0.768000  -0.303000  -0.565000
392    2.76000    1.92000    9.42000   1.538961   0.276000  0.192000  0.942000
393    4.01000    6.10000    6.83000   1.536489   0.401000  0.610000  0.683000
394   -0.28000    8.41000    5.41000   1.537104   -0.028000  0.841000  0.541000
395   -4.18000    5.64000    7.12000   1.533600   -0.418000  0.564000  0.712000
396   -2.30000    1.64000    9.59000   1.538759   -0.230000  0.164000  0.959000
397    0.28000   -8.41000    5.41000   1.537104   0.028000  -0.841000  0.541000
398    4.18000   -5.64000    7.12000   1.533600   0.418000  -0.564000  0.712000
399    9.59000   -2.30000    1.64000   1.538759   0.959000  -0.230000  0.164000
400    9.42000    2.76000    1.92000   1.538961   0.942000  0.276000  0.192000
401    5.64000    7.12000   -4.18000   1.533600   0.564000  0.712000  -0.418000
402    1.64000    9.59000   -2.30000   1.538759   0.164000  0.959000  -0.230000
403   -6.10000    6.83000   -4.01000   1.536489   -0.610000  0.683000  -0.401000
404   -8.41000    5.41000    0.28000   1.537104   -0.841000  0.541000  0.028000
405   -9.42000   -2.76000    1.92000   1.538961   -0.942000  -0.276000  0.192000
406   -6.83000   -4.01000    6.10000   1.536489   -0.683000  -0.401000  0.610000
407    1.92000   -9.42000   -2.76000   1.538961   0.192000  -0.942000  -0.276000
408    6.10000   -6.83000   -4.01000   1.536489   0.610000  -0.683000  -0.401000
409    5.41000    0.28000   -8.41000   1.537104   0.541000  0.028000  -0.841000
410   -2.76000    1.92000   -9.42000   1.538961   -0.276000  0.192000  -0.942000
411   -7.12000   -4.18000   -5.64000   1.533600   -0.712000  -0.418000  -0.564000
412    3.52000    0.80000    9.33000   1.621571   0.352000  0.080000  0.933000
413    5.11000    6.13000    6.03000   1.623829   0.511000  0.613000  0.603000
414   -0.36000    9.06000    4.22000   1.622918   -0.036000  0.906000  0.422000
415   -5.33000    5.54000    6.40000   1.629427   -0.533000  0.554000  0.640000
416   -2.93000    0.43000    9.55000   1.628334   -0.293000  0.043000  0.955000
417    0.36000   -9.06000    4.22000   1.622918   0.036000  -0.906000  0.422000
418    5.33000   -5.54000    6.40000   1.629427   0.533000  -0.554000  0.640000
419    9.55000   -2.93000    0.43000   1.628334   0.955000  -0.293000  0.043000
420    9.33000    3.52000    0.80000   1.621571   0.933000  0.352000  0.080000
421    5.54000    6.40000   -5.33000   1.629427   0.554000  0.640000  -0.533000
422    0.43000    9.55000   -2.93000   1.628334   0.043000  0.955000  -0.293000
423   -6.13000    6.03000   -5.11000   1.623829   -0.613000  0.603000  -0.511000
424   -9.06000    4.22000    0.36000   1.622918   -0.906000  0.422000  0.036000
425   -9.33000   -3.52000    0.80000   1.621571   -0.933000  -0.352000  0.080000
426   -6.03000   -5.11000    6.13000   1.623829   -0.603000  -0.511000  0.613000
427    0.80000   -9.33000   -3.52000   1.621571   0.080000  -0.933000  -0.352000
428    6.13000   -6.03000   -5.11000   1.623829   0.613000  -0.603000  -0.511000
429    4.22000    0.36000   -9.06000   1.622918   0.422000  0.036000  -0.906000
430   -3.52000    0.80000   -9.33000   1.621571   -0.352000  0.080000  -0.933000
431   -6.40000   -5.33000   -5.54000   1.629427   -0.640000  -0.533000  -0.554000
432    4.22000   -0.36000    9.06000   1.622918   0.422000  -0.036000  0.906000
433    6.13000    6.03000    5.11000   1.623829   0.613000  0.603000  0.511000
434   -0.43000    9.55000    2.93000   1.628334   -0.043000  0.955000  0.293000
435   -6.40000    5.33000    5.54000   1.629427   -0.640000  0.533000  0.554000
436   -3.52000   -0.80000    9.33000   1.621571   -0.352000  -0.080000  0.933000
437    0.43000   -9.55000    2.93000   1.628334   0.043000  -0.955000  0.293000
438    6.40000   -5.33000    5.54000   1.629427   0.640000  -0.533000  0.554000
439    9.33000   -3.52000   -0.80000   1.621571   0.933000  -0.352000  -0.080000
440    9.06000    4.22000   -0.36000   1.622918   0.906000  0.422000  -0.036000
441    5.33000    5.54000   -6.40000   1.629427   0.533000  0.554000  -0.640000
442   -0.80000    9.33000   -3.52000   1.621571   -0.080000  0.933000  -0.352000
443   -6.03000    5.11000   -6.13000   1.623829   -0.603000  0.511000  -0.613000
444   -9.55000    2.93000    0.43000   1.628334   -0.955000  0.293000  0.043000
445   -9.06000   -4.22000   -0.36000   1.622918   -0.906000  -0.422000  -0.036000
446   -5.11000   -6.13000    6.03000   1.623829   -0.511000  -0.613000  0.603000
447   -0.36000   -9.06000   -4.22000   1.622918   -0.036000  -0.906000  -0.422000
448    6.03000   -5.11000   -6.13000   1.623829   0.603000  -0.511000  -0.613000
449    2.93000    0.43000   -9.55000   1.628334   0.293000  0.043000  -0.955000
450   -4.22000   -0.36000   -9.06000   1.622918   -0.422000  -0.036000  -0.906000
451   -5.54000   -6.40000   -5.33000   1.629427   -0.554000  -0.640000  -0.533000
452    4.83000   -1.49000    8.63000   1.539960   0.483000  -0.149000  0.863000
453    7.01000    5.83000    4.10000   1.538265   0.701000  0.583000  0.410000
454   -0.50000    9.86000    1.61000   1.542414   -0.050000  0.986000  0.161000
455   -7.32000    5.02000    4.60000   1.539943   -0.732000  0.502000  0.460000
456   -4.03000   -1.99000    8.93000   1.539482   -0.403000  -0.199000  0.893000
457    0.50000   -9.86000    1.61000   1.542414   0.050000  -0.986000  0.161000
458    7.32000   -5.02000    4.60000   1.539943   0.732000  -0.502000  0.460000
459    8.93000   -4.03000   -1.99000   1.539482   0.893000  -0.403000  -0.199000
460    8.63000    4.83000   -1.49000   1.539960   0.863000  0.483000  -0.149000
461    5.02000    4.60000   -7.32000   1.539943   0.502000  0.460000  -0.732000
462   -1.99000    8.93000   -4.03000   1.539482   -0.199000  0.893000  -0.403000
463   -5.83000    4.10000   -7.01000   1.538265   -0.583000  0.410000  -0.701000
464   -9.86000    1.61000    0.50000   1.542414   -0.986000  0.161000  0.050000
465   -8.63000   -4.83000   -1.49000   1.539960   -0.863000  -0.483000  -0.149000
466   -4.10000   -7.01000    5.83000   1.538265   -0.410000  -0.701000  0.583000
467   -1.49000   -8.63000   -4.83000   1.539960   -0.149000  -0.863000  -0.483000
468    5.83000   -4.10000   -7.01000   1.538265   0.583000  -0.410000  -0.701000
469    1.61000    0.50000   -9.86000   1.542414   0.161000  0.050000  -0.986000
470   -4.83000   -1.49000   -8.63000   1.539960   -0.483000  -0.149000  -0.863000
471   -4.60000   -7.32000   -5.02000   1.539943   -0.460000  -0.732000  -0.502000
472    5.33000   -2.54000    8.07000   1.431432   0.533000  -0.254000  0.807000
473    7.74000    5.54000    3.08000   1.425850   0.774000  0.554000  0.308000
474   -0.55000    9.98000    0.33000   1.422355   -0.055000  0.998000  0.033000
475   -8.08000    4.65000    3.63000   1.430286   -0.808000  0.465000  0.363000
476   -4.44000   -3.09000    8.41000   1.424564   -0.444000  -0.309000  0.841000
477    0.55000   -9.98000    0.33000   1.422355   0.055000  -0.998000  0.033000
478    8.08000   -4.65000    3.63000   1.430286   0.808000  -0.465000  0.363000
479    8.41000   -4.44000   -3.09000   1.424564   0.841000  -0.444000  -0.309000
480    8.07000    5.33000   -2.54000   1.431432   0.807000  0.533000  -0.254000
481    4.65000    3.63000   -8.08000   1.430286   0.465000  0.363000  -0.808000
482   -3.09000    8.41000   -4.44000   1.424564   -0.309000  0.841000  -0.444000
483   -5.54000    3.08000   -7.74000   1.425850   -0.554000  0.308000  -0.774000
484   -9.98000    0.33000    0.55000   1.422355   -0.998000  0.033000  0.055000
485   -8.07000   -5.33000   -2.54000   1.431432   -0.807000  -0.533000  -0.254000
486   -3.08000   -7.74000    5.54000   1.425850   -0.308000  -0.774000  0.554000
487   -2.54000   -8.07000   -5.33000   1.431432   -0.254000  -0.807000  -0.533000
488    5.54000   -3.08000   -7.74000   1.425850   0.554000  -0.308000  -0.774000
489    0.33000    0.55000   -9.98000   1.422355   0.033000  0.055000  -0.998000
490   -5.33000   -2.54000   -8.07000   1.431432   -0.533000  -0.254000  -0.807000
491   -3.63000   -8.08000   -4.65000   1.430286   -0.363000  -0.808000  -0.465000
492    0.10000    3.68000    9.30000   1.145354   0.010000  0.368000  0.930000
493    1.71000    4.80000    8.61000   1.142829   0.171000  0.480000  0.861000
494    0.95000    6.44000    7.59000   1.145199   0.095000  0.644000  0.759000
495   -1.12000    6.33000    7.66000   1.141479   -0.112000  0.633000  0.766000
496   -1.64000    4.63000    8.71000   1.142632   -0.164000  0.463000  0.871000
497   -0.95000   -6.44000    7.59000   1.145199   -0.095000  -0.644000  0.759000
498    1.12000   -6.33000    7.66000   1.141479   0.112000  -0.633000  0.766000
499    8.71000   -1.64000    4.63000   1.142632   0.871000  -0.164000  0.463000
500    9.30000    0.10000    3.68000   1.145354   0.930000  0.010000  0.368000
501    6.33000    7.66000   -1.12000   1.141479   0.633000  0.766000  -0.112000
502    4.63000    8.71000   -1.64000   1.142632   0.463000  0.871000  -0.164000
503   -4.80000    8.61000   -1.71000   1.142829   -0.480000  0.861000  -0.171000
504   -6.44000    7.59000   -0.95000   1.145199   -0.644000  0.759000  -0.095000
505   -9.30000   -0.10000    3.68000   1.145354   -0.930000  -0.010000  0.368000
506   -8.61000   -1.71000    4.80000   1.142829   -0.861000  -0.171000  0.480000
507    3.68000   -9.30000   -0.10000   1.145354   0.368000  -0.930000  -0.010000
508    4.80000   -8.61000   -1.71000   1.142829   0.480000  -0.861000  -0.171000
509    7.59000   -0.95000   -6.44000   1.145199   0.759000  -0.095000  -0.644000
510   -0.10000    3.68000   -9.30000   1.145354   -0.010000  0.368000  -0.930000
511   -7.66000   -1.12000   -6.33000   1.141479   -0.766000  -0.112000  -0.633000
512    0.76000    2.81000    9.57000   1.291419   0.076000  0.281000  0.957000
513    2.74000    4.98000    8.23000   1.291738   0.274000  0.498000  0.823000
514    0.94000    7.25000    6.82000   1.290574   0.094000  0.725000  0.682000
515   -2.16000    6.49000    7.29000   1.291769   -0.216000  0.649000  0.729000
516   -2.27000    3.75000    8.99000   1.290596   -0.227000  0.375000  0.899000
517   -0.94000   -7.25000    6.82000   1.290574   -0.094000  -0.725000  0.682000
518    2.16000   -6.49000    7.29000   1.291769   0.216000  -0.649000  0.729000
519    8.99000   -2.27000    3.75000   1.290596   0.899000  -0.227000  0.375000
520    9.57000    0.76000    2.81000   1.291419   0.957000  0.076000  0.281000
521    6.49000    7.29000   -2.16000   1.291769   0.649000  0.729000  -0.216000
522    3.75000    8.99000   -2.27000   1.290596   0.375000  0.899000  -0.227000
523   -4.98000    8.23000   -2.74000   1.291738   -0.498000  0.823000  -0.274000
524   -7.25000    6.82000   -0.94000   1.290574   -0.725000  0.682000  -0.094000
525   -9.57000   -0.76000    2.81000   1.291419   -0.957000  -0.076000  0.281000
526   -8.23000   -2.74000    4.98000   1.291738   -0.823000  -0.274000  0.498000
527    2.81000   -9.57000   -0.76000   1.291419   0.281000  -0.957000  -0.076000
528    4.98000   -8.23000   -2.74000   1.291738   0.498000  -0.823000  -0.274000
529    6.82000   -0.94000   -7.25000   1.290574   0.682000  -0.094000  -0.725000
530   -0.76000    2.81000   -9.57000   1.291419   -0.076000  0.281000  -0.957000
531   -7.29000   -2.16000   -6.49000   1.291769   -0.729000  -0.216000  -0.649000
532    1.47000    1.82000    9.72000   1.456586   0.147000  0.182000  0.972000
533    3.85000    5.10000    7.69000   1.454220   0.385000  0.510000  0.769000
534    0.91000    8.04000    5.88000   1.457529   0.091000  0.804000  0.588000
535   -3.29000    6.57000    6.78000   1.456352   -0.329000  0.657000  0.678000
536   -2.94000    2.72000    9.16000   1.455250   -0.294000  0.272000  0.916000
537   -0.91000   -8.04000    5.88000   1.457529   -0.091000  -0.804000  0.588000
538    3.29000   -6.57000    6.78000   1.456352   0.329000  -0.657000  0.678000
539    9.16000   -2.94000    2.72000   1.455250   0.916000  -0.294000  0.272000
540    9.72000    1.47000    1.82000   1.456586   0.972000  0.147000  0.182000
541    6.57000    6.78000   -3.29000   1.456352   0.657000  0.678000  -0.329000
542    2.72000    9.16000   -2.94000   1.455250   0.272000  0.916000  -0.294000
543   -5.10000    7.69000   -3.85000   1.454220   -0.510000  0.769000  -0.385000
544   -8.04000    5.88000   -0.91000   1.457529   -0.804000  0.588000  -0.091000
545   -9.72000   -1.47000    1.82000   1.456586   -0.972000  -0.147000  0.182000
546   -7.69000   -3.85000    5.10000   1.454220   -0.769000  -0.385000  0.510000
547    1.82000   -9.72000   -1.47000   1.456586   0.182000  -0.972000  -0.147000
548    5.10000   -7.69000   -3.85000   1.454220   0.510000  -0.769000  -0.385000
549    5.88000   -0.91000   -8.04000   1.457529   0.588000  -0.091000  -0.804000
550   -1.47000    1.82000   -9.72000   1.456586   -0.147000  0.182000  -0.972000
551   -6.78000   -3.29000   -6.57000   1.456352   -0.678000  -0.329000  -0.657000
552    2.21000    0.72000    9.73000   1.582826   0.221000  0.072000  0.973000
553    4.96000    5.15000    6.99000   1.576015   0.496000  0.515000  0.699000
554    0.86000    8.75000    4.76000   1.579488   0.086000  0.875000  0.476000
555   -4.43000    6.54000    6.13000   1.579484   -0.443000  0.654000  0.613000
556   -3.60000    1.58000    9.19000   1.577351   -0.360000  0.158000  0.919000
557   -0.86000   -8.75000    4.76000   1.579488   -0.086000  -0.875000  0.476000
558    4.43000   -6.54000    6.13000   1.579484   0.443000  -0.654000  0.613000
559    9.19000   -3.60000    1.58000   1.577351   0.919000  -0.360000  0.158000
560    9.73000    2.21000    0.72000   1.582826   0.973000  0.221000  0.072000
561    6.54000    6.13000   -4.43000   1.579484   0.654000  0.613000  -0.443000
562    1.58000    9.19000   -3.60000   1.577351   0.158000  0.919000  -0.360000
563   -5.15000    6.99000   -4.96000   1.576015   -0.515000  0.699000  -0.496000
564   -8.75000    4.76000   -0.86000   1.579488   -0.875000  0.476000  -0.086000
565   -9.73000   -2.21000    0.72000   1.582826   -0.973000  -0.221000  0.072000
566   -6.99000   -4.96000    5.15000   1.576015   -0.699000  -0.496000  0.515000
567    0.72000   -9.73000   -2.21000   1.582826   0.072000  -0.973000  -0.221000
568    5.15000   -6.99000   -4.96000   1.576015   0.515000  -0.699000  -0.496000
569    4.76000   -0.86000   -8.75000   1.579488   0.476000  -0.086000  -0.875000
570   -2.21000    0.72000   -9.73000   1.582826   -0.221000  0.072000  -0.973000
571   -6.13000   -4.43000   -6.54000   1.579484   -0.613000  -0.443000  -0.654000
572    2.93000   -0.43000    9.55000   1.628334   0.293000  -0.043000  0.955000
573    6.03000    5.11000    6.13000   1.623829   0.603000  0.511000  0.613000
574    0.80000    9.33000    3.52000   1.621571   0.080000  0.933000  0.352000
575   -5.54000    6.40000    5.33000   1.629427   -0.554000  0.640000  0.533000
576   -4.22000    0.36000    9.06000   1.622918   -0.422000  0.036000  0.906000
577   -0.80000   -9.33000    3.52000   1.621571   -0.080000  -0.933000  0.352000
578    5.54000   -6.40000    5.33000   1.629427   0.554000  -0.640000  0.533000
579    9.06000   -4.22000    0.36000   1.622918   0.906000  -0.422000  0.036000
580    9.55000    2.93000   -0.43000   1.628334   0.955000  0.293000  -0.043000
581    6.40000    5.33000   -5.54000   1.629427   0.640000  0.533000  -0.554000
582    0.36000    9.06000   -4.22000   1.622918   0.036000  0.906000  -0.422000
583   -5.11000    6.13000   -6.03000   1.623829   -0.511000  0.613000  -0.603000
584   -9.33000    3.52000   -0.80000   1.621571   -0.933000  0.352000  -0.080000
585   -9.55000   -2.93000   -0.43000   1.628334   -0.955000  -0.293000  -0.043000
586   -6.13000   -6.03000    5.11000   1.623829   -0.613000  -0.603000  0.511000
587   -0.43000   -9.55000   -2.93000   1.628334   -0.043000  -0.955000  -0.293000
588    5.11000   -6.13000   -6.03000   1.623829   0.511000  -0.613000  -0.603000
589    3.52000   -0.80000   -9.33000   1.621571   0.352000  -0.080000  -0.933000
590   -2.93000   -0.43000   -9.55000   1.628334   -0.293000  -0.043000  -0.955000
591   -5.33000   -5.54000   -6.40000   1.629427   -0.533000  -0.554000  -0.640000
592    3.60000   -1.58000    9.19000   1.577351   0.360000  -0.158000  0.919000
593    6.99000    4.96000    5.15000   1.576015   0.699000  0.496000  0.515000
594    0.72000    9.73000    2.21000   1.582826   0.072000  0.973000  0.221000
595   -6.54000    6.13000    4.43000   1.579484   -0.654000  0.613000  0.443000
596   -4.76000   -0.86000    8.75000   1.579488   -0.476000  -0.086000  0.875000
597   -0.72000   -9.73000    2.21000   1.582826   -0.072000  -0.973000  0.221000
598    6.54000   -6.13000    4.43000   1.579484   0.654000  -0.613000  0.443000
599    8.75000   -4.76000   -0.86000   1.579488   0.875000  -0.476000  -0.086000
600    9.19000    3.60000   -1.58000   1.577351   0.919000  0.360000  -0.158000
601    6.13000    4.43000   -6.54000   1.579484   0.613000  0.443000  -0.654000
602   -0.86000    8.75000   -4.76000   1.579488   -0.086000  0.875000  -0.476000
603   -4.96000    5.15000   -6.99000   1.576015   -0.496000  0.515000  -0.699000
604   -9.73000    2.21000   -0.72000   1.582826   -0.973000  0.221000  -0.072000
605   -9.19000   -3.60000   -1.58000   1.577351   -0.919000  -0.360000  -0.158000
606   -5.15000   -6.99000    4.96000   1.576015   -0.515000  -0.699000  0.496000
607   -1.58000   -9.19000   -3.60000   1.577351   -0.158000  -0.919000  -0.360000
608    4.96000   -5.15000   -6.99000   1.576015   0.496000  -0.515000  -0.699000
609    2.21000   -0.72000   -9.73000   1.582826   0.221000  -0.072000  -0.973000
610   -3.60000   -1.58000   -9.19000   1.577351   -0.360000  -0.158000  -0.919000
611   -4.43000   -6.54000   -6.13000   1.579484   -0.443000  -0.654000  -0.613000
612    4.18000   -2.65000    8.69000   1.461270   0.418000  -0.265000  0.869000
613    7.78000    4.74000    4.12000   1.460368   0.778000  0.474000  0.412000
614    0.63000    9.94000    0.90000   1.465417   0.063000  0.994000  0.090000
615   -7.39000    5.76000    3.49000   1.462111   -0.739000  0.576000  0.349000
616   -5.20000   -2.03000    8.30000   1.461226   -0.520000  -0.203000  0.830000
617   -0.63000   -9.94000    0.90000   1.465417   -0.063000  -0.994000  0.090000
618    7.39000   -5.76000    3.49000   1.462111   0.739000  -0.576000  0.349000
619    8.30000   -5.20000   -2.03000   1.461226   0.830000  -0.520000  -0.203000
620    8.69000    4.18000   -2.65000   1.461270   0.869000  0.418000  -0.265000
621    5.76000    3.49000   -7.39000   1.462111   0.576000  0.349000  -0.739000
622   -2.03000    8.30000   -5.20000   1.461226   -0.203000  0.830000  -0.520000
623   -4.74000    4.12000   -7.78000   1.460368   -0.474000  0.412000  -0.778000
624   -9.94000    0.90000   -0.63000   1.465417   -0.994000  0.090000  -0.063000
625   -8.69000   -4.18000   -2.65000   1.461270   -0.869000  -0.418000  -0.265000
626   -4.12000   -7.78000    4.74000   1.460368   -0.412000  -0.778000  0.474000
627   -2.65000   -8.69000   -4.18000   1.461270   -0.265000  -0.869000  -0.418000
628    4.74000   -4.12000   -7.78000   1.460368   0.474000  -0.412000  -0.778000
629    0.90000   -0.63000   -9.94000   1.465417   0.090000  -0.063000  -0.994000
630   -4.18000   -2.65000   -8.69000   1.461270   -0.418000  -0.265000  -0.869000
631   -3.49000   -7.39000   -5.76000   1.462111   -0.349000  -0.739000  -0.576000
632    0.22000    1.69000    9.85000   1.366221   0.022000  0.169000  0.985000
633    3.63000    4.07000    8.38000   1.368469   0.363000  0.407000  0.838000
634    2.02000    7.56000    6.22000   1.366003   0.202000  0.756000  0.622000
635   -2.38000    7.34000    6.36000   1.372300   -0.238000  0.734000  0.636000
636   -3.49000    3.71000    8.60000   1.370725   -0.349000  0.371000  0.860000
637   -2.02000   -7.56000    6.22000   1.366003   -0.202000  -0.756000  0.622000
638    2.38000   -7.34000    6.36000   1.372300   0.238000  -0.734000  0.636000
639    8.60000   -3.49000    3.71000   1.370725   0.860000  -0.349000  0.371000
640    9.85000    0.22000    1.69000   1.366221   0.985000  0.022000  0.169000
641    7.34000    6.36000   -2.38000   1.372300   0.734000  0.636000  -0.238000
642    3.71000    8.60000   -3.49000   1.370725   0.371000  0.860000  -0.349000
643   -4.07000    8.38000   -3.63000   1.368469   -0.407000  0.838000  -0.363000
644   -7.56000    6.22000   -2.02000   1.366003   -0.756000  0.622000  -0.202000
645   -9.85000   -0.22000    1.69000   1.366221   -0.985000  -0.022000  0.169000
646   -8.38000   -3.63000    4.07000   1.368469   -0.838000  -0.363000  0.407000
647    1.69000   -9.85000   -0.22000   1.366221   0.169000  -0.985000  -0.022000
648    4.07000   -8.38000   -3.63000   1.368469   0.407000  -0.838000  -0.363000
649    6.22000   -2.02000   -7.56000   1.366003   0.622000  -0.202000  -0.756000
650   -0.22000    1.69000   -9.85000   1.366221   -0.022000  0.169000  -0.985000
651   -6.36000   -2.38000   -7.34000   1.372300   -0.636000  -0.238000  -0.734000
652    0.90000    0.63000    9.94000   1.465417   0.090000  0.063000  0.994000
653    4.74000    4.12000    7.78000   1.460368   0.474000  0.412000  0.778000
654    2.03000    8.30000    5.20000   1.461226   0.203000  0.830000  0.520000
655   -3.49000    7.39000    5.76000   1.462111   -0.349000  0.739000  0.576000
656   -4.18000    2.65000    8.69000   1.461270   -0.418000  0.265000  0.869000
657   -2.03000   -8.30000    5.20000   1.461226   -0.203000  -0.830000  0.520000
658    3.49000   -7.39000    5.76000   1.462111   0.349000  -0.739000  0.576000
659    8.69000   -4.18000    2.65000   1.461270   0.869000  -0.418000  0.265000
660    9.94000    0.90000    0.63000   1.465417   0.994000  0.090000  0.063000
661    7.39000    5.76000   -3.49000   1.462111   0.739000  0.576000  -0.349000
662    2.65000    8.69000   -4.18000   1.461270   0.265000  0.869000  -0.418000
663   -4.12000    7.78000   -4.74000   1.460368   -0.412000  0.778000  -0.474000
664   -8.30000    5.20000   -2.03000   1.461226   -0.830000  0.520000  -0.203000
665   -9.94000   -0.90000    0.63000   1.465417   -0.994000  -0.090000  0.063000
666   -7.78000   -4.74000    4.12000   1.460368   -0.778000  -0.474000  0.412000
667    0.63000   -9.94000   -0.90000   1.465417   0.063000  -0.994000  -0.090000
668    4.12000   -7.78000   -4.74000   1.460368   0.412000  -0.778000  -0.474000
669    5.20000   -2.03000   -8.30000   1.461226   0.520000  -0.203000  -0.830000
670   -0.90000    0.63000   -9.94000   1.465417   -0.090000  0.063000  -0.994000
671   -5.76000   -3.49000   -7.39000   1.462111   -0.576000  -0.349000  -0.739000
672    1.61000   -0.50000    9.86000   1.542414   0.161000  -0.050000  0.986000
673    5.83000    4.10000    7.01000   1.538265   0.583000  0.410000  0.701000
674    1.99000    8.93000    4.03000   1.539482   0.199000  0.893000  0.403000
675   -4.60000    7.32000    5.02000   1.539943   -0.460000  0.732000  0.502000
676   -4.83000    1.49000    8.63000   1.539960   -0.483000  0.149000  0.863000
677   -1.99000   -8.93000    4.03000   1.539482   -0.199000  -0.893000  0.403000
678    4.60000   -7.32000    5.02000   1.539943   0.460000  -0.732000  0.502000
679    8.63000   -4.83000    1.49000   1.539960   0.863000  -0.483000  0.149000
680    9.86000    1.61000   -0.50000   1.542414   0.986000  0.161000  -0.050000
681    7.32000    5.02000   -4.60000   1.539943   0.732000  0.502000  -0.460000
682    1.49000    8.63000   -4.83000   1.539960   0.149000  0.863000  -0.483000
683   -4.10000    7.01000   -5.83000   1.538265   -0.410000  0.701000  -0.583000
684   -8.93000    4.03000   -1.99000   1.539482   -0.893000  0.403000  -0.199000
685   -9.86000   -1.61000   -0.50000   1.542414   -0.986000  -0.161000  -0.050000
686   -7.01000   -5.83000    4.10000   1.538265   -0.701000  -0.583000  0.410000
687   -0.50000   -9.86000   -1.61000   1.542414   -0.050000  -0.986000  -0.161000
688    4.10000   -7.01000   -5.83000   1.538265   0.410000  -0.701000  -0.583000
689    4.03000   -1.99000   -8.93000   1.539482   0.403000  -0.199000  -0.893000
690   -1.61000   -0.50000   -9.86000   1.542414   -0.161000  -0.050000  -0.986000
691   -5.02000   -4.60000   -7.32000   1.539943   -0.502000  -0.460000  -0.732000
692    2.30000   -1.64000    9.59000   1.538759   0.230000  -0.164000  0.959000
693    6.83000    4.01000    6.10000   1.536489   0.683000  0.401000  0.610000
694    1.92000    9.42000    2.76000   1.538961   0.192000  0.942000  0.276000
695   -5.64000    7.12000    4.18000   1.533600   -0.564000  0.712000  0.418000
696   -5.41000    0.28000    8.41000   1.537104   -0.541000  0.028000  0.841000
697   -1.92000   -9.42000    2.76000   1.538961   -0.192000  -0.942000  0.276000
698    5.64000   -7.12000    4.18000   1.533600   0.564000  -0.712000  0.418000
699    8.41000   -5.41000    0.28000   1.537104   0.841000  -0.541000  0.028000
700    9.59000    2.30000   -1.64000   1.538759   0.959000  0.230000  -0.164000
701    7.12000    4.18000   -5.64000   1.533600   0.712000  0.418000  -0.564000
702    0.28000    8.41000   -5.41000   1.537104   0.028000  0.841000  -0.541000
703   -4.01000    6.10000   -6.83000   1.536489   -0.401000  0.610000  -0.683000
704   -9.42000    2.76000   -1.92000   1.538961   -0.942000  0.276000  -0.192000
705   -9.59000   -2.30000   -1.64000   1.538759   -0.959000  -0.230000  -0.164000
706   -6.10000   -6.83000    4.01000   1.536489   -0.610000  -0.683000  0.401000
707   -1.64000   -9.59000   -2.30000   1.538759   -0.164000  -0.959000  -0.230000
708    4.01000   -6.10000   -6.83000   1.536489   0.401000  -0.610000  -0.683000
709    2.76000   -1.92000   -9.42000   1.538961   0.276000  -0.192000  -0.942000
710   -2.30000   -1.64000   -9.59000   1.538759   -0.230000  -0.164000  -0.959000
711   -4.18000   -5.64000   -7.12000   1.533600   -0.418000  -0.564000  -0.712000
712    2.94000   -2.72000    9.16000   1.455250   0.294000  -0.272000  0.916000
713    7.69000    3.85000    5.10000   1.454220   0.769000  0.385000  0.510000
714    1.82000    9.72000    1.47000   1.456586   0.182000  0.972000  0.147000
715   -6.57000    6.78000    3.29000   1.456352   -0.657000  0.678000  0.329000
716   -5.88000   -0.91000    8.04000   1.457529   -0.588000  -0.091000  0.804000
717   -1.82000   -9.72000    1.47000   1.456586   -0.182000  -0.972000  0.147000
718    6.57000   -6.78000    3.29000   1.456352   0.657000  -0.678000  0.329000
719    8.04000   -5.88000   -0.91000   1.457529   0.804000  -0.588000  -0.091000
720    9.16000    2.94000   -2.72000   1.455250   0.916000  0.294000  -0.272000
721    6.78000    3.29000   -6.57000   1.456352   0.678000  0.329000  -0.657000
722   -0.91000    8.04000   -5.88000   1.457529   -0.091000  0.804000  -0.588000
723   -3.85000    5.10000   -7.69000   1.454220   -0.385000  0.510000  -0.769000
724   -9.72000    1.47000   -1.82000   1.456586   -0.972000  0.147000  -0.182000
725   -9.16000   -2.94000   -2.72000   1.455250   -0.916000  -0.294000  -0.272000
726   -5.10000   -7.69000    3.85000   1.454220   -0.510000  -0.769000  0.385000
727   -2.72000   -9.16000   -2.94000   1.455250   -0.272000  -0.916000  -0.294000
728    3.85000   -5.10000   -7.69000   1.454220   0.385000  -0.510000  -0.769000
729    1.47000   -1.82000   -9.72000   1.456586   0.147000  -0.182000  -0.972000
730   -2.94000   -2.72000   -9.16000   1.455250   -0.294000  -0.272000  -0.916000
731   -3.29000   -6.57000   -6.78000   1.456352   -0.329000  -0.657000  -0.678000
732    3.49000   -3.71000    8.60000   1.370725   0.349000  -0.371000  0.860000
733    8.38000    3.63000    4.07000   1.368469   0.838000  0.363000  0.407000
734    1.69000    9.85000    0.22000   1.366221   0.169000  0.985000  0.022000
735   -7.34000    6.36000    2.38000   1.372300   -0.734000  0.636000  0.238000
736   -6.22000   -2.02000    7.56000   1.366003   -0.622000  -0.202000  0.756000
737   -1.69000   -9.85000    0.22000   1.366221   -0.169000  -0.985000  0.022000
738    7.34000   -6.36000    2.38000   1.372300   0.734000  -0.636000  0.238000
739    7.56000   -6.22000   -2.02000   1.366003   0.756000  -0.622000  -0.202000
740    8.60000    3.49000   -3.71000   1.370725   0.860000  0.349000  -0.371000
741    6.36000    2.38000   -7.34000   1.372300   0.636000  0.238000  -0.734000
742   -2.02000    7.56000   -6.22000   1.366003   -0.202000  0.756000  -0.622000
743   -3.63000    4.07000   -8.38000   1.368469   -0.363000  0.407000  -0.838000
744   -9.85000    0.22000   -1.69000   1.366221   -0.985000  0.022000  -0.169000
745   -8.60000   -3.49000   -3.71000   1.370725   -0.860000  -0.349000  -0.371000
746   -4.07000   -8.38000    3.63000   1.368469   -0.407000  -0.838000  0.363000
747   -3.71000   -8.60000   -3.49000   1.370725   -0.371000  -0.860000  -0.349000
748    3.63000   -4.07000   -8.38000   1.368469   0.363000  -0.407000  -0.838000
749    0.22000   -1.69000   -9.85000   1.366221   0.022000  -0.169000  -0.985000
750   -3.49000   -3.71000   -8.60000   1.370725   -0.349000  -0.371000  -0.860000
751   -2.38000   -7.34000   -6.36000   1.372300   -0.238000  -0.734000  -0.636000
752    0.33000   -0.55000    9.98000   1.422355   0.033000  -0.055000  0.998000
753    5.54000    3.08000    7.74000   1.425850   0.554000  0.308000  0.774000
754    3.09000    8.41000    4.44000   1.424564   0.309000  0.841000  0.444000
755   -3.63000    8.08000    4.65000   1.430286   -0.363000  0.808000  0.465000
756   -5.33000    2.54000    8.07000   1.431432   -0.533000  0.254000  0.807000
757   -3.09000   -8.41000    4.44000   1.424564   -0.309000  -0.841000  0.444000
758    3.63000   -8.08000    4.65000   1.430286   0.363000  -0.808000  0.465000
759    8.07000   -5.33000    2.54000   1.431432   0.807000  -0.533000  0.254000
760    9.98000    0.33000   -0.55000   1.422355   0.998000  0.033000  -0.055000
761    8.08000    4.65000   -3.63000   1.430286   0.808000  0.465000  -0.363000
762    2.54000    8.07000   -5.33000   1.431432   0.254000  0.807000  -0.533000
763   -3.08000    7.74000   -5.54000   1.425850   -0.308000  0.774000  -0.554000
764   -8.41000    4.44000   -3.09000   1.424564   -0.841000  0.444000  -0.309000
765   -9.98000   -0.33000   -0.55000   1.422355   -0.998000  -0.033000  -0.055000
766   -7.74000   -5.54000    3.08000   1.425850   -0.774000  -0.554000  0.308000
767   -0.55000   -9.98000   -0.33000   1.422355   -0.055000  -0.998000  -0.033000
768    3.08000   -7.74000   -5.54000   1.425850   0.308000  -0.774000  -0.554000
769    4.44000   -3.09000   -8.41000   1.424564   0.444000  -0.309000  -0.841000
770   -0.33000   -0.55000   -9.98000   1.422355   -0.033000  -0.055000  -0.998000
771   -4.65000   -3.63000   -8.08000   1.430286   -0.465000  -0.363000  -0.808000
772    1.01000   -1.66000    9.81000   1.425020   0.101000  -0.166000  0.981000
773    6.56000    3.02000    6.92000   1.425357   0.656000  0.302000  0.692000
774    3.05000    8.95000    3.25000   1.425365   0.305000  0.895000  0.325000
775   -4.68000    7.95000    3.87000   1.420114   -0.468000  0.795000  0.387000
776   -5.94000    1.38000    7.93000   1.428442   -0.594000  0.138000  0.793000
777   -3.05000   -8.95000    3.25000   1.425365   -0.305000  -0.895000  0.325000
778    4.68000   -7.95000    3.87000   1.420114   0.468000  -0.795000  0.387000
779    7.93000   -5.94000    1.38000   1.428442   0.793000  -0.594000  0.138000
780    9.81000    1.01000   -1.66000   1.425020   0.981000  0.101000  -0.166000
781    7.95000    3.87000   -4.68000   1.420114   0.795000  0.387000  -0.468000
782    1.38000    7.93000   -5.94000   1.428442   0.138000  0.793000  -0.594000
783   -3.02000    6.92000   -6.56000   1.425357   -0.302000  0.692000  -0.656000
784   -8.95000    3.25000   -3.05000   1.425365   -0.895000  0.325000  -0.305000
785   -9.81000   -1.01000   -1.66000   1.425020   -0.981000  -0.101000  -0.166000
786   -6.92000   -6.56000    3.02000   1.425357   -0.692000  -0.656000  0.302000
787   -1.66000   -9.81000   -1.01000   1.425020   -0.166000  -0.981000  -0.101000
788    3.02000   -6.92000   -6.56000   1.425357   0.302000  -0.692000  -0.656000
789    3.25000   -3.05000   -8.95000   1.425365   0.325000  -0.305000  -0.895000
790   -1.01000   -1.66000   -9.81000   1.425020   -0.101000  -0.166000  -0.981000
791   -3.87000   -4.68000   -7.95000   1.420114   -0.387000  -0.468000  -0.795000
792    1.67000   -2.75000    9.47000   1.386098   0.167000  -0.275000  0.947000
793    7.47000    2.90000    5.98000   1.387584   0.747000  0.290000  0.598000
794    2.95000    9.34000    2.00000   1.384709   0.295000  0.934000  0.200000
795   -5.65000    7.68000    3.03000   1.385868   -0.565000  0.768000  0.303000
796   -6.44000    0.21000    7.65000   1.386349   -0.644000  0.021000  0.765000
797   -2.95000   -9.34000    2.00000   1.384709   -0.295000  -0.934000  0.200000
798    5.65000   -7.68000    3.03000   1.385868   0.565000  -0.768000  0.303000
799    7.65000   -6.44000    0.21000   1.386349   0.765000  -0.644000  0.021000
800    9.47000    1.67000   -2.75000   1.386098   0.947000  0.167000  -0.275000
801    7.68000    3.03000   -5.65000   1.385868   0.768000  0.303000  -0.565000
802    0.21000    7.65000   -6.44000   1.386349   0.021000  0.765000  -0.644000
803   -2.90000    5.98000   -7.47000   1.387584   -0.290000  0.598000  -0.747000
804   -9.34000    2.00000   -2.95000   1.384709   -0.934000  0.200000  -0.295000
805   -9.47000   -1.67000   -2.75000   1.386098   -0.947000  -0.167000  -0.275000
806   -5.98000   -7.47000    2.90000   1.387584   -0.598000  -0.747000  0.290000
807   -2.75000   -9.47000   -1.67000   1.386098   -0.275000  -0.947000  -0.167000
808    2.90000   -5.98000   -7.47000   1.387584   0.290000  -0.598000  -0.747000
809    2.00000   -2.95000   -9.34000   1.384709   0.200000  -0.295000  -0.934000
810   -1.67000   -2.75000   -9.47000   1.386098   -0.167000  -0.275000  -0.947000
811   -3.03000   -5.65000   -7.68000   1.385868   -0.303000  -0.565000  -0.768000
812    2.27000   -3.75000    8.99000   1.290596   0.227000  -0.375000  0.899000
813    8.23000    2.74000    4.98000   1.291738   0.823000  0.274000  0.498000
814    2.81000    9.57000    0.76000   1.291419   0.281000  0.957000  0.076000
815   -6.49000    7.29000    2.16000   1.291769   -0.649000  0.729000  0.216000
816   -6.82000   -0.94000    7.25000   1.290574   -0.682000  -0.094000  0.725000
817   -2.81000   -9.57000    0.76000   1.291419   -0.281000  -0.957000  0.076000
818    6.49000   -7.29000    2.16000   1.291769   0.649000  -0.729000  0.216000
819    7.25000   -6.82000   -0.94000   1.290574   0.725000  -0.682000  -0.094000
820    8.99000    2.27000   -3.75000   1.290596   0.899000  0.227000  -0.375000
821    7.29000    2.16000   -6.49000   1.291769   0.729000  0.216000  -0.649000
822   -0.94000    7.25000   -6.82000   1.290574   -0.094000  0.725000  -0.682000
823   -2.74000    4.98000   -8.23000   1.291738   -0.274000  0.498000  -0.823000
824   -9.57000    0.76000   -2.81000   1.291419   -0.957000  0.076000  -0.281000
825   -8.99000   -2.27000   -3.75000   1.290596   -0.899000  -0.227000  -0.375000
826   -4.98000   -8.23000    2.74000   1.291738   -0.498000  -0.823000  0.274000
827   -3.75000   -8.99000   -2.27000   1.290596   -0.375000  -0.899000  -0.227000
828    2.74000   -4.98000   -8.23000   1.291738   0.274000  -0.498000  -0.823000
829    0.76000   -2.81000   -9.57000   1.291419   0.076000  -0.281000  -0.957000
830   -2.27000   -3.75000   -8.99000   1.290596   -0.227000  -0.375000  -0.899000
831   -2.16000   -6.49000   -7.29000   1.291769   -0.216000  -0.649000  -0.729000
832    0.43000   -2.72000    9.61000   1.279485   0.043000  -0.272000  0.961000
833    7.14000    1.96000    6.72000   1.277029   0.714000  0.196000  0.672000
834    3.98000    8.83000    2.47000   1.276142   0.398000  0.883000  0.247000
835   -4.68000    8.40000    2.74000   1.276978   -0.468000  0.840000  0.274000
836   -6.88000    1.26000    7.15000   1.277512   -0.688000  0.126000  0.715000
837   -3.98000   -8.83000    2.47000   1.276142   -0.398000  -0.883000  0.247000
838    4.68000   -8.40000    2.74000   1.276978   0.468000  -0.840000  0.274000
839    7.15000   -6.88000    1.26000   1.277512   0.715000  -0.688000  0.126000
840    9.61000    0.43000   -2.72000   1.279485   0.961000  0.043000  -0.272000
841    8.40000    2.74000   -4.68000   1.276978   0.840000  0.274000  -0.468000
842    1.26000    7.15000   -6.88000   1.277512   0.126000  0.715000  -0.688000
843   -1.96000    6.72000   -7.14000   1.277029   -0.196000  0.672000  -0.714000
844   -8.83000    2.47000   -3.98000   1.276142   -0.883000  0.247000  -0.398000
845   -9.61000   -0.43000   -2.72000   1.279485   -0.961000  -0.043000  -0.272000
846   -6.72000   -7.14000    1.96000   1.277029   -0.672000  -0.714000  0.196000
847   -2.72000   -9.61000   -0.43000   1.279485   -0.272000  -0.961000  -0.043000
848    1.96000   -6.72000   -7.14000   1.277029   0.196000  -0.672000  -0.714000
849    2.47000   -3.98000   -8.83000   1.276142   0.247000  -0.398000  -0.883000
850   -0.43000   -2.72000   -9.61000   1.279485   -0.043000  -0.272000  -0.961000
851   -2.74000   -4.68000   -8.40000   1.276978   -0.274000  -0.468000  -0.840000
852    1.06000   -3.73000    9.22000   1.197992   0.106000  -0.373000  0.922000
853    7.95000    1.84000    5.78000   1.199652   0.795000  0.184000  0.578000
854    3.86000    9.14000    1.27000   1.203564   0.386000  0.914000  0.127000
855   -5.57000    8.08000    1.92000   1.198871   -0.557000  0.808000  0.192000
856   -7.30000    0.13000    6.84000   1.204426   -0.730000  0.013000  0.684000
857   -3.86000   -9.14000    1.27000   1.203564   -0.386000  -0.914000  0.127000
858    5.57000   -8.08000    1.92000   1.198871   0.557000  -0.808000  0.192000
859    6.84000   -7.30000    0.13000   1.204426   0.684000  -0.730000  0.013000
860    9.22000    1.06000   -3.73000   1.197992   0.922000  0.106000  -0.373000
861    8.08000    1.92000   -5.57000   1.198871   0.808000  0.192000  -0.557000
862    0.13000    6.84000   -7.30000   1.204426   0.013000  0.684000  -0.730000
863   -1.84000    5.78000   -7.95000   1.199652   -0.184000  0.578000  -0.795000
864   -9.14000    1.27000   -3.86000   1.203564   -0.914000  0.127000  -0.386000
865   -9.22000   -1.06000   -3.73000   1.197992   -0.922000  -0.106000  -0.373000
866   -5.78000   -7.95000    1.84000   1.199652   -0.578000  -0.795000  0.184000
867   -3.73000   -9.22000   -1.06000   1.197992   -0.373000  -0.922000  -0.106000
868    1.84000   -5.78000   -7.95000   1.199652   0.184000  -0.578000  -0.795000
869    1.27000   -3.86000   -9.14000   1.203564   0.127000  -0.386000  -0.914000
870   -1.06000   -3.73000   -9.22000   1.197992   -0.106000  -0.373000  -0.922000
871   -1.92000   -5.57000   -8.08000   1.198871   -0.192000  -0.557000  -0.808000
872    1.64000   -4.63000    8.71000   1.142632   0.164000  -0.463000  0.871000
873    8.61000    1.71000    4.80000   1.142829   0.861000  0.171000  0.480000
874    3.68000    9.30000    0.10000   1.145354   0.368000  0.930000  0.010000
875   -6.33000    7.66000    1.12000   1.141479   -0.633000  0.766000  0.112000
876   -7.59000   -0.95000    6.44000   1.145199   -0.759000  -0.095000  0.644000
877   -3.68000   -9.30000    0.10000   1.145354   -0.368000  -0.930000  0.010000
878    6.33000   -7.66000    1.12000   1.141479   0.633000  -0.766000  0.112000
879    6.44000   -7.59000   -0.95000   1.145199   0.644000  -0.759000  -0.095000
880    8.71000    1.64000   -4.63000   1.142632   0.871000  0.164000  -0.463000
881    7.66000    1.12000   -6.33000   1.141479   0.766000  0.112000  -0.633000
882   -0.95000    6.44000   -7.59000   1.145199   -0.095000  0.644000  -0.759000
883   -1.71000    4.80000   -8.61000   1.142829   -0.171000  0.480000  -0.861000
884   -9.30000    0.10000   -3.68000   1.145354   -0.930000  0.010000  -0.368000
885   -8.71000   -1.64000   -4.63000   1.142632   -0.871000  -0.164000  -0.463000
886   -4.80000   -8.61000    1.71000   1.142829   -0.480000  -0.861000  0.171000
887   -4.63000   -8.71000   -1.64000   1.142632   -0.463000  -0.871000  -0.164000
888    1.71000   -4.80000   -8.61000   1.142829   0.171000  -0.480000  -0.861000
889    0.10000   -3.68000   -9.30000   1.145354   0.010000  -0.368000  -0.930000
890   -1.64000   -4.63000   -8.71000   1.142632   -0.164000  -0.463000  -0.871000
891   -1.12000   -6.33000   -7.66000   1.141479   -0.112000  -0.633000  -0.766000
892    0.50000   -4.56000    8.89000   1.014046   0.050000  -0.456000  0.889000
893    8.29000    0.87000    5.53000   1.017220   0.829000  0.087000  0.553000
894    4.62000    8.85000    0.60000   1.016433   0.462000  0.885000  0.060000
895   -5.43000    8.35000    0.91000   1.013698   -0.543000  0.835000  0.091000
896   -7.98000    0.06000    6.03000   1.017189   -0.798000  0.006000  0.603000
897   -4.62000   -8.85000    0.60000   1.016433   -0.462000  -0.885000  0.060000
898    5.43000   -8.35000    0.91000   1.013698   0.543000  -0.835000  0.091000
899    6.03000   -7.98000    0.06000   1.017189   0.603000  -0.798000  0.006000
900    8.89000    0.50000   -4.56000   1.014046   0.889000  0.050000  -0.456000
901    8.35000    0.91000   -5.43000   1.013698   0.835000  0.091000  -0.543000
902    0.06000    6.03000   -7.98000   1.017189   0.006000  0.603000  -0.798000
903   -0.87000    5.53000   -8.29000   1.017220   -0.087000  0.553000  -0.829000
904   -8.85000    0.60000   -4.62000   1.016433   -0.885000  0.060000  -0.462000
905   -8.89000   -0.50000   -4.56000   1.014046   -0.889000  -0.050000  -0.456000
906   -5.53000   -8.29000    0.87000   1.017220   -0.553000  -0.829000  0.087000
907   -4.56000   -8.89000   -0.50000   1.014046   -0.456000  -0.889000  -0.050000
908    0.87000   -5.53000   -8.29000   1.017220   0.087000  -0.553000  -0.829000
909    0.60000   -4.62000   -8.85000   1.016433   0.060000  -0.462000  -0.885000
910   -0.50000   -4.56000   -8.89000   1.014046   -0.050000  -0.456000  -0.889000
911   -0.91000   -5.43000   -8.35000   1.013698   -0.091000  -0.543000  -0.835000
