0    8.51000    0.00000    5.26000   2.586929   0.851000  0.000000  0.526000
1    5.26000    8.51000    0.00000   2.586929   0.526000  0.851000  0.000000
2   -5.26000    8.51000    0.00000   2.586929   -0.526000  0.851000  0.000000
3   -8.51000    0.00000    5.26000   2.586929   -0.851000  0.000000  0.526000
4    0.00000   -5.26000    8.51000   2.586929   0.000000  -0.526000  0.851000
5    5.26000   -8.51000    0.00000   2.586929   0.526000  -0.851000  0.000000
6    8.51000    0.00000   -5.26000   2.586929   0.851000  0.000000  -0.526000
7    0.00000    5.26000   -8.51000   2.586929   0.000000  0.526000  -0.851000
8   -8.51000    0.00000   -5.26000   2.586929   -0.851000  0.000000  -0.526000
9   -5.26000   -8.51000    0.00000   2.586929   -0.526000  -0.851000  0.000000
10    0.00000   -5.26000   -8.51000   2.586929   0.000000  -0.526000  -0.851000
11    6.53000    2.02000    7.30000   4.603249   0.653000  0.202000  0.730000
12    4.04000    8.55000    3.26000   4.605623   0.404000  0.855000  0.326000
13   -4.04000    8.55000    3.26000   4.605623   -0.404000  0.855000  0.326000
14   -6.53000    2.02000    7.30000   4.603249   -0.653000  0.202000  0.730000
15    0.00000   -2.02000    9.79000   4.611872   0.000000  -0.202000  0.979000
16    4.04000   -8.55000    3.26000   4.605623   0.404000  -0.855000  0.326000
17    6.53000   -2.02000    7.30000   4.603249   0.653000  -0.202000  0.730000
18    9.79000    0.00000   -2.02000   4.611872   0.979000  0.000000  -0.202000
19    7.30000    6.53000    2.02000   4.603249   0.730000  0.653000  0.202000
20    2.02000    7.30000   -6.53000   4.603249   0.202000  0.730000  -0.653000
21   -2.02000    9.79000    0.00000   4.611872   -0.202000  0.979000  0.000000
22   -8.55000    3.26000   -4.04000   4.605623   -0.855000  0.326000  -0.404000
23   -8.55000    3.26000    4.04000   4.605623   -0.855000  0.326000  0.404000
24   -7.30000   -6.53000    2.02000   4.603249   -0.730000  -0.653000  0.202000
25   -3.26000   -4.04000    8.55000   4.605623   -0.326000  -0.404000  0.855000
26    2.02000   -7.30000   -6.53000   4.603249   0.202000  -0.730000  -0.653000
27    8.55000   -3.26000   -4.04000   4.605623   0.855000  -0.326000  -0.404000
28    3.26000    4.04000   -8.55000   4.605623   0.326000  0.404000  -0.855000
29   -6.53000    2.02000   -7.30000   4.603249   -0.653000  0.202000  -0.730000
30   -7.30000   -6.53000   -2.02000   4.603249   -0.730000  -0.653000  -0.202000
31    7.42000    0.00000    6.70000   3.951876   0.742000  0.000000  0.670000
32    5.65000    8.07000    1.71000   3.951751   0.565000  0.807000  0.171000
33   -3.93000    9.13000    1.06000   3.955509   -0.393000  0.913000  0.106000
34   -8.07000    1.71000    5.65000   3.951751   -0.807000  0.171000  0.565000
35   -1.06000   -3.93000    9.13000   3.955509   -0.106000  -0.393000  0.913000
36    3.93000   -9.13000    1.06000   3.955509   0.393000  -0.913000  0.106000
37    8.07000   -1.71000    5.65000   3.951751   0.807000  -0.171000  0.565000
38    9.13000   -1.06000   -3.93000   3.955509   0.913000  -0.106000  -0.393000
39    6.70000    7.42000    0.00000   3.951876   0.670000  0.742000  0.000000
40    1.71000    5.65000   -8.07000   3.951751   0.171000  0.565000  -0.807000
41   -3.93000    9.13000   -1.06000   3.955509   -0.393000  0.913000  -0.106000
42   -8.07000    1.71000   -5.65000   3.951751   -0.807000  0.171000  -0.565000
43   -9.13000    1.06000    3.93000   3.955509   -0.913000  0.106000  0.393000
44   -6.70000   -7.42000    0.00000   3.951876   -0.670000  -0.742000  0.000000
45   -1.71000   -5.65000    8.07000   3.951751   -0.171000  -0.565000  0.807000
46    0.00000   -6.70000   -7.42000   3.951876   0.000000  -0.670000  -0.742000
47    8.07000   -1.71000   -5.65000   3.951751   0.807000  -0.171000  -0.565000
48    1.06000    3.93000   -9.13000   3.955509   0.106000  0.393000  -0.913000
49   -7.42000    0.00000   -6.70000   3.951876   -0.742000  0.000000  -0.670000
50   -5.65000   -8.07000   -1.71000   3.951751   -0.565000  -0.807000  -0.171000
51    3.26000    4.04000    8.55000   4.605623   0.326000  0.404000  0.855000
52    2.02000    7.30000    6.53000   4.603249   0.202000  0.730000  0.653000
53   -2.02000    7.30000    6.53000   4.603249   -0.202000  0.730000  0.653000
54   -3.26000    4.04000    8.55000   4.605623   -0.326000  0.404000  0.855000
55    0.00000    2.02000    9.79000   4.611872   0.000000  0.202000  0.979000
56    2.02000   -7.30000    6.53000   4.603249   0.202000  -0.730000  0.653000
57    3.26000   -4.04000    8.55000   4.605623   0.326000  -0.404000  0.855000
58    9.79000    0.00000    2.02000   4.611872   0.979000  0.000000  0.202000
59    8.55000    3.26000    4.04000   4.605623   0.855000  0.326000  0.404000
60    4.04000    8.55000   -3.26000   4.605623   0.404000  0.855000  -0.326000
61    2.02000    9.79000    0.00000   4.611872   0.202000  0.979000  0.000000
62   -7.30000    6.53000   -2.02000   4.603249   -0.730000  0.653000  -0.202000
63   -7.30000    6.53000    2.02000   4.603249   -0.730000  0.653000  0.202000
64   -8.55000   -3.26000    4.04000   4.605623   -0.855000  -0.326000  0.404000
65   -6.53000   -2.02000    7.30000   4.603249   -0.653000  -0.202000  0.730000
66    4.04000   -8.55000   -3.26000   4.605623   0.404000  -0.855000  -0.326000
67    7.30000   -6.53000   -2.02000   4.603249   0.730000  -0.653000  -0.202000
68    6.53000    2.02000   -7.30000   4.603249   0.653000  0.202000  -0.730000
69   -3.26000    4.04000   -8.55000   4.605623   -0.326000  0.404000  -0.855000
70   -8.55000   -3.26000   -4.04000   4.605623   -0.855000  -0.326000  -0.404000
71    4.61000    2.14000    8.61000   4.950801   0.461000  0.214000  0.861000
72    4.00000    7.46000    5.32000   4.954167   0.400000  0.746000  0.532000
73   -2.14000    8.61000    4.61000   4.950801   -0.214000  0.861000  0.461000
74   -5.32000    4.00000    7.46000   4.954167   -0.532000  0.400000  0.746000
75   -1.15000   -0.00000    9.93000   4.962440   -0.115000  -0.000000  0.993000
76    2.14000   -8.61000    4.61000   4.950801   0.214000  -0.861000  0.461000
77    5.32000   -4.00000    7.46000   4.954167   0.532000  -0.400000  0.746000
78    9.93000   -1.15000   -0.00000   4.962440   0.993000  -0.115000  -0.000000
79    8.61000    4.61000    2.14000   4.950801   0.861000  0.461000  0.214000
80    4.00000    7.46000   -5.32000   4.954167   0.400000  0.746000  -0.532000
81   -0.00000    9.93000   -1.15000   4.962440   -0.000000  0.993000  -0.115000
82   -7.46000    5.32000   -4.00000   4.954167   -0.746000  0.532000  -0.400000
83   -8.61000    4.61000    2.14000   4.950801   -0.861000  0.461000  0.214000
84   -8.61000   -4.61000    2.14000   4.950801   -0.861000  -0.461000  0.214000
85   -5.32000   -4.00000    7.46000   4.954167   -0.532000  -0.400000  0.746000
86    2.14000   -8.61000   -4.61000   4.950801   0.214000  -0.861000  -0.461000
87    7.46000   -5.32000   -4.00000   4.954167   0.746000  -0.532000  -0.400000
88    4.61000    2.14000   -8.61000   4.950801   0.461000  0.214000  -0.861000
89   -4.61000    2.14000   -8.61000   4.950801   -0.461000  0.214000  -0.861000
90   -7.46000   -5.32000   -4.00000   4.954167   -0.746000  -0.532000  -0.400000
91    5.76000    0.00000    8.17000   4.897533   0.576000  0.000000  0.817000
92    5.87000    7.19000    3.73000   4.893101   0.587000  0.719000  0.373000
93   -2.14000    9.49000    2.31000   4.893186   -0.214000  0.949000  0.231000
94   -7.19000    3.73000    5.87000   4.893101   -0.719000  0.373000  0.587000
95   -2.31000   -2.14000    9.49000   4.893186   -0.231000  -0.214000  0.949000
96    2.14000   -9.49000    2.31000   4.893186   0.214000  -0.949000  0.231000
97    7.19000   -3.73000    5.87000   4.893101   0.719000  -0.373000  0.587000
98    9.49000   -2.31000   -2.14000   4.893186   0.949000  -0.231000  -0.214000
99    8.17000    5.76000    0.00000   4.897533   0.817000  0.576000  0.000000
100    3.73000    5.87000   -7.19000   4.893101   0.373000  0.587000  -0.719000
101   -2.14000    9.49000   -2.31000   4.893186   -0.214000  0.949000  -0.231000
102   -7.19000    3.73000   -5.87000   4.893101   -0.719000  0.373000  -0.587000
103   -9.49000    2.31000    2.14000   4.893186   -0.949000  0.231000  0.214000
104   -8.17000   -5.76000    0.00000   4.897533   -0.817000  -0.576000  0.000000
105   -3.73000   -5.87000    7.19000   4.893101   -0.373000  -0.587000  0.719000
106    0.00000   -8.17000   -5.76000   4.897533   0.000000  -0.817000  -0.576000
107    7.19000   -3.73000   -5.87000   4.893101   0.719000  -0.373000  -0.587000
108    2.31000    2.14000   -9.49000   4.893186   0.231000  0.214000  -0.949000
109   -5.76000    0.00000   -8.17000   4.897533   -0.576000  0.000000  -0.817000
110   -5.87000   -7.19000   -3.73000   4.893101   -0.587000  -0.719000  -0.373000
111    2.02000   -9.79000    0.00000   4.611872   0.202000  -0.979000  0.000000
112    8.55000   -3.26000    4.04000   4.605623   0.855000  -0.326000  0.404000
113    7.30000    6.53000   -2.02000   4.603249   0.730000  0.653000  -0.202000
114   -4.04000    8.55000   -3.26000   4.605623   -0.404000  0.855000  -0.326000
115   -9.79000    0.00000    2.02000   4.611872   -0.979000  0.000000  0.202000
116   -2.02000   -7.30000    6.53000   4.603249   -0.202000  -0.730000  0.653000
117   -2.02000   -7.30000   -6.53000   4.603249   -0.202000  -0.730000  -0.653000
118    6.53000   -2.02000   -7.30000   4.603249   0.653000  -0.202000  -0.730000
119    0.00000    2.02000   -9.79000   4.611872   0.000000  0.202000  -0.979000
120   -6.53000   -2.02000   -7.30000   4.603249   -0.653000  -0.202000  -0.730000
121   -4.04000   -8.55000   -3.26000   4.605623   -0.404000  -0.855000  -0.326000
122    0.00000    5.26000    8.51000   2.586929   0.000000  0.526000  0.851000
123    1.06000    3.93000    9.13000   3.955509   0.106000  0.393000  0.913000
124    1.71000    5.65000    8.07000   3.951751   0.171000  0.565000  0.807000
125    0.00000    6.70000    7.42000   3.951876   0.000000  0.670000  0.742000
126   -1.71000    5.65000    8.07000   3.951751   -0.171000  0.565000  0.807000
127   -1.06000    3.93000    9.13000   3.955509   -0.106000  0.393000  0.913000
128    0.00000   -6.70000    7.42000   3.951876   0.000000  -0.670000  0.742000
129    1.71000   -5.65000    8.07000   3.951751   0.171000  -0.565000  0.807000
130    9.13000   -1.06000    3.93000   3.955509   0.913000  -0.106000  0.393000
131    9.13000    1.06000    3.93000   3.955509   0.913000  0.106000  0.393000
132    5.65000    8.07000   -1.71000   3.951751   0.565000  0.807000  -0.171000
133    3.93000    9.13000   -1.06000   3.955509   0.393000  0.913000  -0.106000
134   -5.65000    8.07000   -1.71000   3.951751   -0.565000  0.807000  -0.171000
135   -6.70000    7.42000    0.00000   3.951876   -0.670000  0.742000  0.000000
136   -9.13000   -1.06000    3.93000   3.955509   -0.913000  -0.106000  0.393000
137   -8.07000   -1.71000    5.65000   3.951751   -0.807000  -0.171000  0.565000
138    3.93000   -9.13000   -1.06000   3.955509   0.393000  -0.913000  -0.106000
139    5.65000   -8.07000   -1.71000   3.951751   0.565000  -0.807000  -0.171000
140    7.42000    0.00000   -6.70000   3.951876   0.742000  0.000000  -0.670000
141   -1.06000    3.93000   -9.13000   3.955509   -0.106000  0.393000  -0.913000
142   -8.07000   -1.71000   -5.65000   3.951751   -0.807000  -0.171000  -0.565000
143    2.31000    2.14000    9.49000   4.893186   0.231000  0.214000  0.949000
144    3.73000    5.87000    7.19000   4.893101   0.373000  0.587000  0.719000
145    0.00000    8.17000    5.76000   4.897533   0.000000  0.817000  0.576000
146   -3.73000    5.87000    7.19000   4.893101   -0.373000  0.587000  0.719000
147   -2.31000    2.14000    9.49000   4.893186   -0.231000  0.214000  0.949000
148    0.00000   -8.17000    5.76000   4.897533   0.000000  -0.817000  0.576000
149    3.73000   -5.87000    7.19000   4.893101   0.373000  -0.587000  0.719000
150    9.49000   -2.31000    2.14000   4.893186   0.949000  -0.231000  0.214000
151    9.49000    2.31000    2.14000   4.893186   0.949000  0.231000  0.214000
152    5.87000    7.19000   -3.73000   4.893101   0.587000  0.719000  -0.373000
153    2.14000    9.49000   -2.31000   4.893186   0.214000  0.949000  -0.231000
154   -5.87000    7.19000   -3.73000   4.893101   -0.587000  0.719000  -0.373000
155   -8.17000    5.76000    0.00000   4.897533   -0.817000  0.576000  0.000000
156   -9.49000   -2.31000    2.14000   4.893186   -0.949000  -0.231000  0.214000
157   -7.19000   -3.73000    5.87000   4.893101   -0.719000  -0.373000  0.587000
158    2.14000   -9.49000   -2.31000   4.893186   0.214000  -0.949000  -0.231000
159    5.87000   -7.19000   -3.73000   4.893101   0.587000  -0.719000  -0.373000
160    5.76000    0.00000   -8.17000   4.897533   0.576000  0.000000  -0.817000
161   -2.31000    2.14000   -9.49000   4.893186   -0.231000  0.214000  -0.949000
162   -7.19000   -3.73000   -5.87000   4.893101   -0.719000  -0.373000  -0.587000
163    3.57000    0.00000    9.34000   5.332092   0.357000  0.000000  0.934000
164    5.77000    5.77000    5.77000   5.333702   0.577000  0.577000  0.577000
165   -0.00000    9.34000    3.57000   5.332092   -0.000000  0.934000  0.357000
166   -5.77000    5.77000    5.77000   5.333702   -0.577000  0.577000  0.577000
167   -3.57000   -0.00000    9.34000   5.332092   -0.357000  -0.000000  0.934000
168    0.00000   -9.34000    3.57000   5.332092   0.000000  -0.934000  0.357000
169    5.77000   -5.77000    5.77000   5.333702   0.577000  -0.577000  0.577000
170    9.34000   -3.57000   -0.00000   5.332092   0.934000  -0.357000  -0.000000
171    9.34000    3.57000    0.00000   5.332092   0.934000  0.357000  0.000000
172    5.77000    5.77000   -5.77000   5.333702   0.577000  0.577000  -0.577000
173   -0.00000    9.34000   -3.57000   5.332092   -0.000000  0.934000  -0.357000
174   -5.77000    5.77000   -5.77000   5.333702   -0.577000  0.577000  -0.577000
175   -9.34000    3.57000    0.00000   5.332092   -0.934000  0.357000  0.000000
176   -9.34000   -3.57000    0.00000   5.332092   -0.934000  -0.357000  0.000000
177   -5.77000   -5.77000    5.77000   5.333702   -0.577000  -0.577000  0.577000
178    0.00000   -9.34000   -3.57000   5.332092   0.000000  -0.934000  -0.357000
179    5.77000   -5.77000   -5.77000   5.333702   0.577000  -0.577000  -0.577000
180    3.57000    0.00000   -9.34000   5.332092   0.357000  0.000000  -0.934000
181   -3.57000    0.00000   -9.34000   5.332092   -0.357000  0.000000  -0.934000
182   -5.77000   -5.77000   -5.77000   5.333702   -0.577000  -0.577000  -0.577000
183    4.61000   -2.14000    8.61000   4.950801   0.461000  -0.214000  0.861000
184    7.46000    5.32000    4.00000   4.954167   0.746000  0.532000  0.400000
185   -0.00000    9.93000    1.15000   4.962440   -0.000000  0.993000  0.115000
186   -7.46000    5.32000    4.00000   4.954167   -0.746000  0.532000  0.400000
187   -4.61000   -2.14000    8.61000   4.950801   -0.461000  -0.214000  0.861000
188    0.00000   -9.93000    1.15000   4.962440   0.000000  -0.993000  0.115000
189    7.46000   -5.32000    4.00000   4.954167   0.746000  -0.532000  0.400000
190    8.61000   -4.61000   -2.14000   4.950801   0.861000  -0.461000  -0.214000
191    8.61000    4.61000   -2.14000   4.950801   0.861000  0.461000  -0.214000
192    5.32000    4.00000   -7.46000   4.954167   0.532000  0.400000  -0.746000
193   -2.14000    8.61000   -4.61000   4.950801   -0.214000  0.861000  -0.461000
194   -5.32000    4.00000   -7.46000   4.954167   -0.532000  0.400000  -0.746000
195   -9.93000    1.15000    0.00000   4.962440   -0.993000  0.115000  0.000000
196   -8.61000   -4.61000   -2.14000   4.950801   -0.861000  -0.461000  -0.214000
197   -4.00000   -7.46000    5.32000   4.954167   -0.400000  -0.746000  0.532000
198   -2.14000   -8.61000   -4.61000   4.950801   -0.214000  -0.861000  -0.461000
199    5.32000   -4.00000   -7.46000   4.954167   0.532000  -0.400000  -0.746000
200    1.15000    0.00000   -9.93000   4.962440   0.115000  0.000000  -0.993000
201   -4.61000   -2.14000   -8.61000   4.950801   -0.461000  -0.214000  -0.861000
202   -4.00000   -7.46000   -5.32000   4.954167   -0.400000  -0.746000  -0.532000
203    1.15000    0.00000    9.93000   4.962440   0.115000  0.000000  0.993000
204    5.32000    4.00000    7.46000   4.954167   0.532000  0.400000  0.746000
205    2.14000    8.61000    4.61000   4.950801   0.214000  0.861000  0.461000
206   -4.00000    7.46000    5.32000   4.954167   -0.400000  0.746000  0.532000
207   -4.61000    2.14000    8.61000   4.950801   -0.461000  0.214000  0.861000
208   -2.14000   -8.61000    4.61000   4.950801   -0.214000  -0.861000  0.461000
209    4.00000   -7.46000    5.32000   4.954167   0.400000  -0.746000  0.532000
210    8.61000   -4.61000    2.14000   4.950801   0.861000  -0.461000  0.214000
211    9.93000    1.15000    0.00000   4.962440   0.993000  0.115000  0.000000
212    7.46000    5.32000   -4.00000   4.954167   0.746000  0.532000  -0.400000
213    2.14000    8.61000   -4.61000   4.950801   0.214000  0.861000  -0.461000
214   -4.00000    7.46000   -5.32000   4.954167   -0.400000  0.746000  -0.532000
215   -8.61000    4.61000   -2.14000   4.950801   -0.861000  0.461000  -0.214000
216   -9.93000   -1.15000    0.00000   4.962440   -0.993000  -0.115000  0.000000
217   -7.46000   -5.32000    4.00000   4.954167   -0.746000  -0.532000  0.400000
218    0.00000   -9.93000   -1.15000   4.962440   0.000000  -0.993000  -0.115000
219    4.00000   -7.46000   -5.32000   4.954167   0.400000  -0.746000  -0.532000
220    4.61000   -2.14000   -8.61000   4.950801   0.461000  -0.214000  -0.861000
221   -1.15000    0.00000   -9.93000   4.962440   -0.115000  0.000000  -0.993000
222   -5.32000   -4.00000   -7.46000   4.954167   -0.532000  -0.400000  -0.746000
223    2.31000   -2.14000    9.49000   4.893186   0.231000  -0.214000  0.949000
224    7.19000    3.73000    5.87000   4.893101   0.719000  0.373000  0.587000
225    2.14000    9.49000    2.31000   4.893186   0.214000  0.949000  0.231000
226   -5.87000    7.19000    3.73000   4.893101   -0.587000  0.719000  0.373000
227   -5.76000    0.00000    8.17000   4.897533   -0.576000  0.000000  0.817000
228   -2.14000   -9.49000    2.31000   4.893186   -0.214000  -0.949000  0.231000
229    5.87000   -7.19000    3.73000   4.893101   0.587000  -0.719000  0.373000
230    8.17000   -5.76000    0.00000   4.897533   0.817000  -0.576000  0.000000
231    9.49000    2.31000   -2.14000   4.893186   0.949000  0.231000  -0.214000
232    7.19000    3.73000   -5.87000   4.893101   0.719000  0.373000  -0.587000
233    0.00000    8.17000   -5.76000   4.897533   0.000000  0.817000  -0.576000
234   -3.73000    5.87000   -7.19000   4.893101   -0.373000  0.587000  -0.719000
235   -9.49000    2.31000   -2.14000   4.893186   -0.949000  0.231000  -0.214000
236   -9.49000   -2.31000   -2.14000   4.893186   -0.949000  -0.231000  -0.214000
237   -5.87000   -7.19000    3.73000   4.893101   -0.587000  -0.719000  0.373000
238   -2.14000   -9.49000   -2.31000   4.893186   -0.214000  -0.949000  -0.231000
239    3.73000   -5.87000   -7.19000   4.893101   0.373000  -0.587000  -0.719000
240    2.31000   -2.14000   -9.49000   4.893186   0.231000  -0.214000  -0.949000
241   -2.31000   -2.14000   -9.49000   4.893186   -0.231000  -0.214000  -0.949000
242   -3.73000   -5.87000   -7.19000   4.893101   -0.373000  -0.587000  -0.719000
243   -2.02000   -9.79000    0.00000   4.611872   -0.202000  -0.979000  0.000000
244    7.30000   -6.53000    2.02000   4.603249   0.730000  -0.653000  0.202000
245    8.55000    3.26000   -4.04000   4.605623   0.855000  0.326000  -0.404000
246   -2.02000    7.30000   -6.53000   4.603249   -0.202000  0.730000  -0.653000
247   -9.79000    0.00000   -2.02000   4.611872   -0.979000  0.000000  -0.202000
248   -4.04000   -8.55000    3.26000   4.605623   -0.404000  -0.855000  0.326000
249    3.26000   -4.04000   -8.55000   4.605623   0.326000  -0.404000  -0.855000
250    0.00000   -2.02000   -9.79000   4.611872   0.000000  -0.202000  -0.979000
251   -3.26000   -4.04000   -8.55000   4.605623   -0.326000  -0.404000  -0.855000
252    1.06000   -3.93000    9.13000   3.955509   0.106000  -0.393000  0.913000
253    8.07000    1.71000    5.65000   3.951751   0.807000  0.171000  0.565000
254    3.93000    9.13000    1.06000   3.955509   0.393000  0.913000  0.106000
255   -5.65000    8.07000    1.71000   3.951751   -0.565000  0.807000  0.171000
256   -7.42000    0.00000    6.70000   3.951876   -0.742000  0.000000  0.670000
257   -3.93000   -9.13000    1.06000   3.955509   -0.393000  -0.913000  0.106000
258    5.65000   -8.07000    1.71000   3.951751   0.565000  -0.807000  0.171000
259    6.70000   -7.42000    0.00000   3.951876   0.670000  -0.742000  0.000000
260    9.13000    1.06000   -3.93000   3.955509   0.913000  0.106000  -0.393000
261    8.07000    1.71000   -5.65000   3.951751   0.807000  0.171000  -0.565000
262    0.00000    6.70000   -7.42000   3.951876   0.000000  0.670000  -0.742000
263   -1.71000    5.65000   -8.07000   3.951751   -0.171000  0.565000  -0.807000
264   -9.13000    1.06000   -3.93000   3.955509   -0.913000  0.106000  -0.393000
265   -9.13000   -1.06000   -3.93000   3.955509   -0.913000  -0.106000  -0.393000
266   -5.65000   -8.07000    1.71000   3.951751   -0.565000  -0.807000  0.171000
267   -3.93000   -9.13000   -1.06000   3.955509   -0.393000  -0.913000  -0.106000
268    1.71000   -5.65000   -8.07000   3.951751   0.171000  -0.565000  -0.807000
269    1.06000   -3.93000   -9.13000   3.955509   0.106000  -0.393000  -0.913000
270   -1.06000   -3.93000   -9.13000   3.955509   -0.106000  -0.393000  -0.913000
271   -1.71000   -5.65000   -8.07000   3.951751   -0.171000  -0.565000  -0.807000
