0	0.851	0.	0.526	0.275312	0.851	0.	0.526
1	0.526	0.851	0.	0.275312	0.526	0.851	0.
2	-0.526	0.851	0.	0.275312	-0.526	0.851	0.
3	-0.851	0.	0.526	0.275312	-0.851	0.	0.526
4	0.	-0.526	0.851	0.275312	0.	-0.526	0.851
5	0.526	-0.851	0.	0.275312	0.526	-0.851	0.
6	0.851	0.	-0.526	0.275312	0.851	0.	-0.526
7	0.	0.526	-0.851	0.275312	0.	0.526	-0.851
8	-0.851	0.	-0.526	0.275312	-0.851	0.	-0.526
9	-0.526	-0.851	0.	0.275312	-0.526	-0.851	0.
10	0.	-0.526	-0.851	0.275312	0.	-0.526	-0.851
11	0.776	0.081	0.625	0.441597	0.776	0.081	0.625
12	0.487	0.862	0.142	0.440173	0.487	0.862	0.142
13	-0.475	0.869	0.13799999999999998	0.440445	-0.475	0.869	0.138
14	-0.781	0.092	0.618	0.445837	-0.781	0.092	0.618
15	-0.006999999999999999	-0.39499999999999996	0.919	0.440038	-0.007	-0.395	0.919
16	0.475	-0.869	0.13799999999999998	0.440445	0.475	-0.869	0.138
17	0.781	-0.092	0.618	0.445837	0.781	-0.092	0.618
18	0.919	-0.006999999999999999	-0.39499999999999996	0.440038	0.919	-0.007	-0.395
19	0.625	0.776	0.081	0.441597	0.625	0.776	0.081
20	0.092	0.618	-0.781	0.445837	0.092	0.618	-0.781
21	-0.39499999999999996	0.919	-0.006999999999999999	0.440038	-0.395	0.919	-0.007
22	-0.862	0.142	-0.487	0.440173	-0.862	0.142	-0.487
23	-0.869	0.13799999999999998	0.475	0.440445	-0.869	0.138	0.475
24	-0.625	-0.776	0.081	0.441597	-0.625	-0.776	0.081
25	-0.142	-0.487	0.862	0.440173	-0.142	-0.487	0.862
26	0.081	-0.625	-0.776	0.441597	0.081	-0.625	-0.776
27	0.862	-0.142	-0.487	0.440173	0.862	-0.142	-0.487
28	0.13799999999999998	0.475	-0.869	0.440445	0.138	0.475	-0.869
29	-0.776	0.081	-0.625	0.441597	-0.776	0.081	-0.625
30	-0.618	-0.781	-0.092	0.445837	-0.618	-0.781	-0.092
31	0.807	-0.004	0.591	0.398985	0.807	-0.004	0.591
32	0.548	0.833	0.073	0.397845	0.548	0.833	0.073
33	-0.46799999999999997	0.8829999999999999	0.042	0.396757	-0.468	0.883	0.042
34	-0.838	0.076	0.541	0.399998	-0.838	0.076	0.541
35	-0.05	-0.472	0.8799999999999999	0.395319	-0.05	-0.472	0.88
36	0.46799999999999997	-0.8829999999999999	0.042	0.396757	0.468	-0.883	0.042
37	0.838	-0.076	0.541	0.399998	0.838	-0.076	0.541
38	0.8799999999999999	-0.05	-0.472	0.395319	0.88	-0.05	-0.472
39	0.591	0.807	-0.004	0.398985	0.591	0.807	-0.004
40	0.076	0.541	-0.838	0.399998	0.076	0.541	-0.838
41	-0.472	0.8799999999999999	-0.05	0.395319	-0.472	0.88	-0.05
42	-0.833	0.073	-0.548	0.397845	-0.833	0.073	-0.548
43	-0.8829999999999999	0.042	0.46799999999999997	0.396757	-0.883	0.042	0.468
44	-0.591	-0.807	-0.004	0.398985	-0.591	-0.807	-0.004
45	-0.073	-0.548	0.833	0.397845	-0.073	-0.548	0.833
46	-0.004	-0.591	-0.807	0.398985	-0.004	-0.591	-0.807
47	0.833	-0.073	-0.548	0.397845	0.833	-0.073	-0.548
48	0.042	0.46799999999999997	-0.8829999999999999	0.396757	0.042	0.468	-0.883
49	-0.807	-0.004	-0.591	0.398985	-0.807	-0.004	-0.591
50	-0.541	-0.838	-0.076	0.399998	-0.541	-0.838	-0.076
51	0.67	0.17099999999999999	0.722	0.525462	0.67	0.171	0.722
52	0.43	0.851	0.302	0.527089	0.43	0.851	0.302
53	-0.405	0.866	0.293	0.524614	-0.405	0.866	0.293
54	-0.6799999999999999	0.196	0.7070000000000001	0.526273	-0.68	0.196	0.707
55	-0.015	-0.233	0.972	0.52728	-0.015	-0.233	0.972
56	0.405	-0.866	0.293	0.524614	0.405	-0.866	0.293
57	0.6799999999999999	-0.196	0.7070000000000001	0.526273	0.68	-0.196	0.707
58	0.972	-0.015	-0.233	0.52728	0.972	-0.015	-0.233
59	0.722	0.67	0.17099999999999999	0.525462	0.722	0.67	0.171
60	0.196	0.7070000000000001	-0.6799999999999999	0.526273	0.196	0.707	-0.68
61	-0.233	0.972	-0.015	0.52728	-0.233	0.972	-0.015
62	-0.851	0.302	-0.43	0.527089	-0.851	0.302	-0.43
63	-0.866	0.293	0.405	0.524614	-0.866	0.293	0.405
64	-0.722	-0.67	0.17099999999999999	0.525462	-0.722	-0.67	0.171
65	-0.302	-0.43	0.851	0.527089	-0.302	-0.43	0.851
66	0.17099999999999999	-0.722	-0.67	0.525462	0.171	-0.722	-0.67
67	0.851	-0.302	-0.43	0.527089	0.851	-0.302	-0.43
68	0.293	0.405	-0.866	0.524614	0.293	0.405	-0.866
69	-0.67	0.17099999999999999	-0.722	0.525462	-0.67	0.171	-0.722
70	-0.7070000000000001	-0.6799999999999999	-0.196	0.526273	-0.707	-0.68	-0.196
71	0.716	0.08	0.694	0.490242	0.716	0.08	0.694
72	0.503	0.833	0.22799999999999998	0.493459	0.503	0.833	0.228
73	-0.405	0.894	0.19	0.492407	-0.405	0.894	0.19
74	-0.753	0.179	0.6329999999999999	0.493964	-0.753	0.179	0.633
75	-0.061	-0.325	0.944	0.495683	-0.061	-0.325	0.944
76	0.405	-0.894	0.19	0.492407	0.405	-0.894	0.19
77	0.753	-0.179	0.6329999999999999	0.493964	0.753	-0.179	0.633
78	0.944	-0.061	-0.325	0.495683	0.944	-0.061	-0.325
79	0.694	0.716	0.08	0.490242	0.694	0.716	0.08
80	0.179	0.6329999999999999	-0.753	0.493964	0.179	0.633	-0.753
81	-0.325	0.944	-0.061	0.495683	-0.325	0.944	-0.061
82	-0.833	0.22799999999999998	-0.503	0.493459	-0.833	0.228	-0.503
83	-0.894	0.19	0.405	0.492407	-0.894	0.19	0.405
84	-0.694	-0.716	0.08	0.490242	-0.694	-0.716	0.08
85	-0.22799999999999998	-0.503	0.833	0.493459	-0.228	-0.503	0.833
86	0.08	-0.694	-0.716	0.490242	0.08	-0.694	-0.716
87	0.833	-0.22799999999999998	-0.503	0.493459	0.833	-0.228	-0.503
88	0.19	0.405	-0.894	0.492407	0.19	0.405	-0.894
89	-0.716	0.08	-0.694	0.490242	-0.716	0.08	-0.694
90	-0.6329999999999999	-0.753	-0.179	0.493964	-0.633	-0.753	-0.179
91	0.752	-0.009000000000000001	0.659	0.460938	0.752	-0.009	0.659
92	0.569	0.8079999999999999	0.154	0.461228	0.569	0.808	0.154
93	-0.40099999999999997	0.9119999999999999	0.089	0.459634	-0.401	0.912	0.089
94	-0.8170000000000001	0.16	0.554	0.463499	-0.817	0.16	0.554
95	-0.104	-0.41000000000000003	0.906	0.459547	-0.104	-0.41	0.906
96	0.40099999999999997	-0.9119999999999999	0.089	0.459634	0.401	-0.912	0.089
97	0.8170000000000001	-0.16	0.554	0.463499	0.817	-0.16	0.554
98	0.906	-0.104	-0.41000000000000003	0.459547	0.906	-0.104	-0.41
99	0.659	0.752	-0.009000000000000001	0.460938	0.659	0.752	-0.009
100	0.16	0.554	-0.8170000000000001	0.463499	0.16	0.554	-0.817
101	-0.41000000000000003	0.906	-0.104	0.459547	-0.41	0.906	-0.104
102	-0.8079999999999999	0.154	-0.569	0.461228	-0.808	0.154	-0.569
103	-0.9119999999999999	0.089	0.40099999999999997	0.459634	-0.912	0.089	0.401
104	-0.659	-0.752	-0.009000000000000001	0.460938	-0.659	-0.752	-0.009
105	-0.154	-0.569	0.8079999999999999	0.461228	-0.154	-0.569	0.808
106	-0.009000000000000001	-0.659	-0.752	0.460938	-0.009	-0.659	-0.752
107	0.8079999999999999	-0.154	-0.569	0.461228	0.808	-0.154	-0.569
108	0.089	0.40099999999999997	-0.9119999999999999	0.459634	0.089	0.401	-0.912
109	-0.752	-0.009000000000000001	-0.659	0.460938	-0.752	-0.009	-0.659
110	-0.554	-0.8170000000000001	-0.16	0.463499	-0.554	-0.817	-0.16
111	0.532	0.265	0.8049999999999999	0.571017	0.532	0.265	0.805
112	0.35200000000000004	0.8109999999999999	0.46699999999999997	0.570347	0.352	0.811	0.467
113	-0.314	0.835	0.452	0.570463	-0.314	0.835	0.452
114	-0.5459999999999999	0.303	0.781	0.571197	-0.546	0.303	0.781
115	-0.024	-0.049	0.999	0.571851	-0.024	-0.049	0.999
116	0.314	-0.835	0.452	0.570463	0.314	-0.835	0.452
117	0.5459999999999999	-0.303	0.781	0.571197	0.546	-0.303	0.781
118	0.999	-0.024	-0.049	0.571851	0.999	-0.024	-0.049
119	0.8049999999999999	0.532	0.265	0.571017	0.805	0.532	0.265
120	0.303	0.781	-0.5459999999999999	0.571197	0.303	0.781	-0.546
121	-0.049	0.999	-0.024	0.571851	-0.049	0.999	-0.024
122	-0.8109999999999999	0.46699999999999997	-0.35200000000000004	0.570347	-0.811	0.467	-0.352
123	-0.835	0.452	0.314	0.570463	-0.835	0.452	0.314
124	-0.8049999999999999	-0.532	0.265	0.571017	-0.805	-0.532	0.265
125	-0.46699999999999997	-0.35200000000000004	0.8109999999999999	0.570347	-0.467	-0.352	0.811
126	0.265	-0.8049999999999999	-0.532	0.571017	0.265	-0.805	-0.532
127	0.8109999999999999	-0.46699999999999997	-0.35200000000000004	0.570347	0.811	-0.467	-0.352
128	0.452	0.314	-0.835	0.570463	0.452	0.314	-0.835
129	-0.532	0.265	-0.8049999999999999	0.571017	-0.532	0.265	-0.805
130	-0.781	-0.5459999999999999	-0.303	0.571197	-0.781	-0.546	-0.303
131	0.591	0.17300000000000001	0.788	0.568935	0.591	0.173	0.788
132	0.437	0.8079999999999999	0.396	0.566117	0.437	0.808	0.396
133	-0.321	0.8799999999999999	0.351	0.566002	-0.321	0.88	0.351
134	-0.635	0.289	0.716	0.567781	-0.635	0.289	0.716
135	-0.07200000000000001	-0.14800000000000002	0.9859999999999999	0.566713	-0.072	-0.148	0.986
136	0.321	-0.8799999999999999	0.351	0.566002	0.321	-0.88	0.351
137	0.635	-0.289	0.716	0.567781	0.635	-0.289	0.716
138	0.9859999999999999	-0.07200000000000001	-0.14800000000000002	0.566713	0.986	-0.072	-0.148
139	0.788	0.591	0.17300000000000001	0.568935	0.788	0.591	0.173
140	0.289	0.716	-0.635	0.567781	0.289	0.716	-0.635
141	-0.14800000000000002	0.9859999999999999	-0.07200000000000001	0.566713	-0.148	0.986	-0.072
142	-0.8079999999999999	0.396	-0.437	0.566117	-0.808	0.396	-0.437
143	-0.8799999999999999	0.351	0.321	0.566002	-0.88	0.351	0.321
144	-0.788	-0.591	0.17300000000000001	0.568935	-0.788	-0.591	0.173
145	-0.396	-0.437	0.8079999999999999	0.566117	-0.396	-0.437	0.808
146	0.17300000000000001	-0.788	-0.591	0.568935	0.173	-0.788	-0.591
147	0.8079999999999999	-0.396	-0.437	0.566117	0.808	-0.396	-0.437
148	0.351	0.321	-0.8799999999999999	0.566002	0.351	0.321	-0.88
149	-0.591	0.17300000000000001	-0.788	0.568935	-0.591	0.173	-0.788
150	-0.716	-0.635	-0.289	0.567781	-0.716	-0.635	-0.289
151	0.643	0.078	0.762	0.554376	0.643	0.078	0.762
152	0.516	0.795	0.32	0.555299	0.516	0.795	0.32
153	-0.324	0.914	0.246	0.556658	-0.324	0.914	0.246
154	-0.716	0.271	0.643	0.553886	-0.716	0.271	0.643
155	-0.119	-0.245	0.962	0.555521	-0.119	-0.245	0.962
156	0.324	-0.914	0.246	0.556658	0.324	-0.914	0.246
157	0.716	-0.271	0.643	0.553886	0.716	-0.271	0.643
158	0.962	-0.119	-0.245	0.555521	0.962	-0.119	-0.245
159	0.762	0.643	0.078	0.554376	0.762	0.643	0.078
160	0.271	0.643	-0.716	0.553886	0.271	0.643	-0.716
161	-0.245	0.962	-0.119	0.555521	-0.245	0.962	-0.119
162	-0.795	0.32	-0.516	0.555299	-0.795	0.32	-0.516
163	-0.914	0.246	0.324	0.556658	-0.914	0.246	0.324
164	-0.762	-0.643	0.078	0.554376	-0.762	-0.643	0.078
165	-0.32	-0.516	0.795	0.555299	-0.32	-0.516	0.795
166	0.078	-0.762	-0.643	0.554376	0.078	-0.762	-0.643
167	0.795	-0.32	-0.516	0.555299	0.795	-0.32	-0.516
168	0.246	0.324	-0.914	0.556658	0.246	0.324	-0.914
169	-0.643	0.078	-0.762	0.554376	-0.643	0.078	-0.762
170	-0.643	-0.716	-0.271	0.553886	-0.643	-0.716	-0.271
171	0.6859999999999999	-0.013999999999999999	0.728	0.525128	0.686	-0.014	0.728
172	0.587	0.772	0.24100000000000002	0.528609	0.587	0.772	0.241
173	-0.32299999999999995	0.9359999999999999	0.14	0.527026	-0.323	0.936	0.14
174	-0.7869999999999999	0.25	0.5640000000000001	0.527457	-0.787	0.25	0.564
175	-0.164	-0.33699999999999997	0.9269999999999999	0.526045	-0.164	-0.337	0.927
176	0.32299999999999995	-0.9359999999999999	0.14	0.527026	0.323	-0.936	0.14
177	0.7869999999999999	-0.25	0.5640000000000001	0.527457	0.787	-0.25	0.564
178	0.9269999999999999	-0.164	-0.33699999999999997	0.526045	0.927	-0.164	-0.337
179	0.728	0.6859999999999999	-0.013999999999999999	0.525128	0.728	0.686	-0.014
180	0.25	0.5640000000000001	-0.7869999999999999	0.527457	0.25	0.564	-0.787
181	-0.33699999999999997	0.9269999999999999	-0.164	0.526045	-0.337	0.927	-0.164
182	-0.772	0.24100000000000002	-0.587	0.528609	-0.772	0.241	-0.587
183	-0.9359999999999999	0.14	0.32299999999999995	0.527026	-0.936	0.14	0.323
184	-0.728	-0.6859999999999999	-0.013999999999999999	0.525128	-0.728	-0.686	-0.014
185	-0.24100000000000002	-0.587	0.772	0.528609	-0.241	-0.587	0.772
186	-0.013999999999999999	-0.728	-0.6859999999999999	0.525128	-0.014	-0.728	-0.686
187	0.772	-0.24100000000000002	-0.587	0.528609	0.772	-0.241	-0.587
188	0.14	0.32299999999999995	-0.9359999999999999	0.527026	0.14	0.323	-0.936
189	-0.6859999999999999	-0.013999999999999999	-0.728	0.525128	-0.686	-0.014	-0.728
190	-0.5640000000000001	-0.7869999999999999	-0.25	0.527457	-0.564	-0.787	-0.25
191	0.719	-0.103	0.6869999999999999	0.488857	0.719	-0.103	0.687
192	0.6489999999999999	0.743	0.164	0.488128	0.649	0.743	0.164
193	-0.31799999999999995	0.947	0.038	0.488794	-0.318	0.947	0.038
194	-0.846	0.22799999999999998	0.48200000000000004	0.487289	-0.846	0.228	0.482
195	-0.204	-0.42100000000000004	0.884	0.48889	-0.204	-0.421	0.884
196	0.31799999999999995	-0.947	0.038	0.488794	0.318	-0.947	0.038
197	0.846	-0.22799999999999998	0.48200000000000004	0.487289	0.846	-0.228	0.482
198	0.884	-0.204	-0.42100000000000004	0.48889	0.884	-0.204	-0.421
199	0.6869999999999999	0.719	-0.103	0.488857	0.687	0.719	-0.103
200	0.22799999999999998	0.48200000000000004	-0.846	0.487289	0.228	0.482	-0.846
201	-0.42100000000000004	0.884	-0.204	0.48889	-0.421	0.884	-0.204
202	-0.743	0.164	-0.6489999999999999	0.488128	-0.743	0.164	-0.649
203	-0.947	0.038	0.31799999999999995	0.488794	-0.947	0.038	0.318
204	-0.6869999999999999	-0.719	-0.103	0.488857	-0.687	-0.719	-0.103
205	-0.164	-0.6489999999999999	0.743	0.488128	-0.164	-0.649	0.743
206	-0.103	-0.6869999999999999	-0.719	0.488857	-0.103	-0.687	-0.719
207	0.743	-0.164	-0.6489999999999999	0.488128	0.743	-0.164	-0.649
208	0.038	0.31799999999999995	-0.947	0.488794	0.038	0.318	-0.947
209	-0.719	-0.103	-0.6869999999999999	0.488857	-0.719	-0.103	-0.687
210	-0.48200000000000004	-0.846	-0.22799999999999998	0.487289	-0.482	-0.846	-0.228
211	0.371	0.351	0.86	0.558165	0.371	0.351	0.86
212	0.261	0.741	0.619	0.555961	0.261	0.741	0.619
213	-0.21	0.773	0.599	0.557219	-0.21	0.773	0.599
214	-0.38999999999999996	0.402	0.828	0.553569	-0.39	0.402	0.828
215	-0.032	0.14100000000000001	0.989	0.555954	-0.032	0.141	0.989
216	0.21	-0.773	0.599	0.557219	0.21	-0.773	0.599
217	0.38999999999999996	-0.402	0.828	0.553569	0.39	-0.402	0.828
218	0.989	-0.032	0.14100000000000001	0.555954	0.989	-0.032	0.141
219	0.86	0.371	0.351	0.558165	0.86	0.371	0.351
220	0.402	0.828	-0.38999999999999996	0.553569	0.402	0.828	-0.39
221	0.14100000000000001	0.989	-0.032	0.555954	0.141	0.989	-0.032
222	-0.741	0.619	-0.261	0.555961	-0.741	0.619	-0.261
223	-0.773	0.599	0.21	0.557219	-0.773	0.599	0.21
224	-0.86	-0.371	0.351	0.558165	-0.86	-0.371	0.351
225	-0.619	-0.261	0.741	0.555961	-0.619	-0.261	0.741
226	0.351	-0.86	-0.371	0.558165	0.351	-0.86	-0.371
227	0.741	-0.619	-0.261	0.555961	0.741	-0.619	-0.261
228	0.599	0.21	-0.773	0.557219	0.599	0.21	-0.773
229	-0.371	0.351	-0.86	0.558165	-0.371	0.351	-0.86
230	-0.828	-0.38999999999999996	-0.402	0.553569	-0.828	-0.39	-0.402
231	0.437	0.265	0.86	0.587637	0.437	0.265	0.86
232	0.351	0.751	0.5589999999999999	0.589526	0.351	0.751	0.559
233	-0.21999999999999997	0.832	0.509	0.585867	-0.22	0.832	0.509
234	-0.486	0.396	0.779	0.586874	-0.486	0.396	0.779
235	-0.081	0.045000000000000005	0.996	0.58827	-0.081	0.045	0.996
236	0.21999999999999997	-0.832	0.509	0.585867	0.22	-0.832	0.509
237	0.486	-0.396	0.779	0.586874	0.486	-0.396	0.779
238	0.996	-0.081	0.045000000000000005	0.58827	0.996	-0.081	0.045
239	0.86	0.437	0.265	0.587637	0.86	0.437	0.265
240	0.396	0.779	-0.486	0.586874	0.396	0.779	-0.486
241	0.045000000000000005	0.996	-0.081	0.58827	0.045	0.996	-0.081
242	-0.751	0.5589999999999999	-0.351	0.589526	-0.751	0.559	-0.351
243	-0.832	0.509	0.21999999999999997	0.585867	-0.832	0.509	0.22
244	-0.86	-0.437	0.265	0.587637	-0.86	-0.437	0.265
245	-0.5589999999999999	-0.351	0.751	0.589526	-0.559	-0.351	0.751
246	0.265	-0.86	-0.437	0.587637	0.265	-0.86	-0.437
247	0.751	-0.5589999999999999	-0.351	0.589526	0.751	-0.559	-0.351
248	0.509	0.21999999999999997	-0.832	0.585867	0.509	0.22	-0.832
249	-0.437	0.265	-0.86	0.587637	-0.437	0.265	-0.86
250	-0.779	-0.486	-0.396	0.586874	-0.779	-0.486	-0.396
251	0.499	0.17200000000000001	0.849	0.611783	0.499	0.172	0.849
252	0.43999999999999995	0.752	0.49	0.610143	0.44	0.752	0.49
253	-0.22799999999999998	0.8829999999999999	0.409	0.611085	-0.228	0.883	0.409
254	-0.58	0.384	0.718	0.610853	-0.58	0.384	0.718
255	-0.131	-0.055999999999999994	0.99	0.609234	-0.131	-0.056	0.99
256	0.22799999999999998	-0.8829999999999999	0.409	0.611085	0.228	-0.883	0.409
257	0.58	-0.384	0.718	0.610853	0.58	-0.384	0.718
258	0.99	-0.131	-0.055999999999999994	0.609234	0.99	-0.131	-0.056
259	0.849	0.499	0.17200000000000001	0.611783	0.849	0.499	0.172
260	0.384	0.718	-0.58	0.610853	0.384	0.718	-0.58
261	-0.055999999999999994	0.99	-0.131	0.609234	-0.056	0.99	-0.131
262	-0.752	0.49	-0.43999999999999995	0.610143	-0.752	0.49	-0.44
263	-0.8829999999999999	0.409	0.22799999999999998	0.611085	-0.883	0.409	0.228
264	-0.849	-0.499	0.17200000000000001	0.611783	-0.849	-0.499	0.172
265	-0.49	-0.43999999999999995	0.752	0.610143	-0.49	-0.44	0.752
266	0.17200000000000001	-0.849	-0.499	0.611783	0.172	-0.849	-0.499
267	0.752	-0.49	-0.43999999999999995	0.610143	0.752	-0.49	-0.44
268	0.409	0.22799999999999998	-0.8829999999999999	0.611085	0.409	0.228	-0.883
269	-0.499	0.17200000000000001	-0.849	0.611783	-0.499	0.172	-0.849
270	-0.718	-0.58	-0.384	0.610853	-0.718	-0.58	-0.384
271	0.557	0.076	0.827	0.612341	0.557	0.076	0.827
272	0.524	0.744	0.414	0.608445	0.524	0.744	0.414
273	-0.233	0.9239999999999999	0.303	0.610672	-0.233	0.924	0.303
274	-0.6679999999999999	0.367	0.647	0.608419	-0.668	0.367	0.647
275	-0.18000000000000002	-0.157	0.971	0.607685	-0.18	-0.157	0.971
276	0.233	-0.9239999999999999	0.303	0.610672	0.233	-0.924	0.303
277	0.6679999999999999	-0.367	0.647	0.608419	0.668	-0.367	0.647
278	0.971	-0.18000000000000002	-0.157	0.607685	0.971	-0.18	-0.157
279	0.827	0.557	0.076	0.612341	0.827	0.557	0.076
280	0.367	0.647	-0.6679999999999999	0.608419	0.367	0.647	-0.668
281	-0.157	0.971	-0.18000000000000002	0.607685	-0.157	0.971	-0.18
282	-0.744	0.414	-0.524	0.608445	-0.744	0.414	-0.524
283	-0.9239999999999999	0.303	0.233	0.610672	-0.924	0.303	0.233
284	-0.827	-0.557	0.076	0.612341	-0.827	-0.557	0.076
285	-0.414	-0.524	0.744	0.608445	-0.414	-0.524	0.744
286	0.076	-0.827	-0.557	0.612341	0.076	-0.827	-0.557
287	0.744	-0.414	-0.524	0.608445	0.744	-0.414	-0.524
288	0.303	0.233	-0.9239999999999999	0.610672	0.303	0.233	-0.924
289	-0.557	0.076	-0.827	0.612341	-0.557	0.076	-0.827
290	-0.647	-0.6679999999999999	-0.367	0.608419	-0.647	-0.668	-0.367
291	0.606	-0.02	0.795	0.587644	0.606	-0.02	0.795
292	0.601	0.726	0.33399999999999996	0.587477	0.601	0.726	0.334
293	-0.235	0.952	0.194	0.588304	-0.235	0.952	0.194
294	-0.746	0.34600000000000003	0.569	0.587227	-0.746	0.346	0.569
295	-0.226	-0.255	0.94	0.586651	-0.226	-0.255	0.94
296	0.235	-0.952	0.194	0.588304	0.235	-0.952	0.194
297	0.746	-0.34600000000000003	0.569	0.587227	0.746	-0.346	0.569
298	0.94	-0.226	-0.255	0.586651	0.94	-0.226	-0.255
299	0.795	0.606	-0.02	0.587644	0.795	0.606	-0.02
300	0.34600000000000003	0.569	-0.746	0.587227	0.346	0.569	-0.746
301	-0.255	0.94	-0.226	0.586651	-0.255	0.94	-0.226
302	-0.726	0.33399999999999996	-0.601	0.587477	-0.726	0.334	-0.601
303	-0.952	0.194	0.235	0.588304	-0.952	0.194	0.235
304	-0.795	-0.606	-0.02	0.587644	-0.795	-0.606	-0.02
305	-0.33399999999999996	-0.601	0.726	0.587477	-0.334	-0.601	0.726
306	-0.02	-0.795	-0.606	0.587644	-0.02	-0.795	-0.606
307	0.726	-0.33399999999999996	-0.601	0.587477	0.726	-0.334	-0.601
308	0.194	0.235	-0.952	0.588304	0.194	0.235	-0.952
309	-0.606	-0.02	-0.795	0.587644	-0.606	-0.02	-0.795
310	-0.569	-0.746	-0.34600000000000003	0.587227	-0.569	-0.746	-0.346
311	0.647	-0.11199999999999999	0.7549999999999999	0.548215	0.647	-0.112	0.755
312	0.6679999999999999	0.7	0.252	0.546208	0.668	0.7	0.252
313	-0.23399999999999999	0.968	0.087	0.544647	-0.234	0.968	0.087
314	-0.8119999999999999	0.322	0.486	0.545784	-0.812	0.322	0.486
315	-0.26799999999999996	-0.34600000000000003	0.8989999999999999	0.547746	-0.268	-0.346	0.899
316	0.23399999999999999	-0.968	0.087	0.544647	0.234	-0.968	0.087
317	0.8119999999999999	-0.322	0.486	0.545784	0.812	-0.322	0.486
318	0.8989999999999999	-0.26799999999999996	-0.34600000000000003	0.547746	0.899	-0.268	-0.346
319	0.7549999999999999	0.647	-0.11199999999999999	0.548215	0.755	0.647	-0.112
320	0.322	0.486	-0.8119999999999999	0.545784	0.322	0.486	-0.812
321	-0.34600000000000003	0.8989999999999999	-0.26799999999999996	0.547746	-0.346	0.899	-0.268
322	-0.7	0.252	-0.6679999999999999	0.546208	-0.7	0.252	-0.668
323	-0.968	0.087	0.23399999999999999	0.544647	-0.968	0.087	0.234
324	-0.7549999999999999	-0.647	-0.11199999999999999	0.548215	-0.755	-0.647	-0.112
325	-0.252	-0.6679999999999999	0.7	0.546208	-0.252	-0.668	0.7
326	-0.11199999999999999	-0.7549999999999999	-0.647	0.548215	-0.112	-0.755	-0.647
327	0.7	-0.252	-0.6679999999999999	0.546208	0.7	-0.252	-0.668
328	0.087	0.23399999999999999	-0.968	0.544647	0.087	0.234	-0.968
329	-0.647	-0.11199999999999999	-0.7549999999999999	0.548215	-0.647	-0.112	-0.755
330	-0.486	-0.8119999999999999	-0.322	0.545784	-0.486	-0.812	-0.322
331	0.204	0.42100000000000004	0.884	0.48889	0.204	0.421	0.884
332	0.164	0.6489999999999999	0.743	0.488128	0.164	0.649	0.743
333	-0.103	0.6869999999999999	0.719	0.488857	-0.103	0.687	0.719
334	-0.22799999999999998	0.48200000000000004	0.846	0.487289	-0.228	0.482	0.846
335	-0.038	0.31799999999999995	0.947	0.488794	-0.038	0.318	0.947
336	0.103	-0.6869999999999999	0.719	0.488857	0.103	-0.687	0.719
337	0.22799999999999998	-0.48200000000000004	0.846	0.487289	0.228	-0.482	0.846
338	0.947	-0.038	0.31799999999999995	0.488794	0.947	-0.038	0.318
339	0.884	0.204	0.42100000000000004	0.48889	0.884	0.204	0.421
340	0.48200000000000004	0.846	-0.22799999999999998	0.487289	0.482	0.846	-0.228
341	0.31799999999999995	0.947	-0.038	0.488794	0.318	0.947	-0.038
342	-0.6489999999999999	0.743	-0.164	0.488128	-0.649	0.743	-0.164
343	-0.6869999999999999	0.719	0.103	0.488857	-0.687	0.719	0.103
344	-0.884	-0.204	0.42100000000000004	0.48889	-0.884	-0.204	0.421
345	-0.743	-0.164	0.6489999999999999	0.488128	-0.743	-0.164	0.649
346	0.42100000000000004	-0.884	-0.204	0.48889	0.421	-0.884	-0.204
347	0.6489999999999999	-0.743	-0.164	0.488128	0.649	-0.743	-0.164
348	0.719	0.103	-0.6869999999999999	0.488857	0.719	0.103	-0.687
349	-0.204	0.42100000000000004	-0.884	0.48889	-0.204	0.421	-0.884
350	-0.846	-0.22799999999999998	-0.48200000000000004	0.487289	-0.846	-0.228	-0.482
351	0.26799999999999996	0.34600000000000003	0.8989999999999999	0.547746	0.268	0.346	0.899
352	0.252	0.6679999999999999	0.7	0.546208	0.252	0.668	0.7
353	-0.11199999999999999	0.7549999999999999	0.647	0.548215	-0.112	0.755	0.647
354	-0.322	0.486	0.8119999999999999	0.545784	-0.322	0.486	0.812
355	-0.087	0.23399999999999999	0.968	0.544647	-0.087	0.234	0.968
356	0.11199999999999999	-0.7549999999999999	0.647	0.548215	0.112	-0.755	0.647
357	0.322	-0.486	0.8119999999999999	0.545784	0.322	-0.486	0.812
358	0.968	-0.087	0.23399999999999999	0.544647	0.968	-0.087	0.234
359	0.8989999999999999	0.26799999999999996	0.34600000000000003	0.547746	0.899	0.268	0.346
360	0.486	0.8119999999999999	-0.322	0.545784	0.486	0.812	-0.322
361	0.23399999999999999	0.968	-0.087	0.544647	0.234	0.968	-0.087
362	-0.6679999999999999	0.7	-0.252	0.546208	-0.668	0.7	-0.252
363	-0.7549999999999999	0.647	0.11199999999999999	0.548215	-0.755	0.647	0.112
364	-0.8989999999999999	-0.26799999999999996	0.34600000000000003	0.547746	-0.899	-0.268	0.346
365	-0.7	-0.252	0.6679999999999999	0.546208	-0.7	-0.252	0.668
366	0.34600000000000003	-0.8989999999999999	-0.26799999999999996	0.547746	0.346	-0.899	-0.268
367	0.6679999999999999	-0.7	-0.252	0.546208	0.668	-0.7	-0.252
368	0.647	0.11199999999999999	-0.7549999999999999	0.548215	0.647	0.112	-0.755
369	-0.26799999999999996	0.34600000000000003	-0.8989999999999999	0.547746	-0.268	0.346	-0.899
370	-0.8119999999999999	-0.322	-0.486	0.545784	-0.812	-0.322	-0.486
371	0.33399999999999996	0.261	0.906	0.600522	0.334	0.261	0.906
372	0.34400000000000003	0.6799999999999999	0.647	0.597087	0.344	0.68	0.647
373	-0.121	0.819	0.5609999999999999	0.597411	-0.121	0.819	0.561
374	-0.419	0.48500000000000004	0.767	0.596029	-0.419	0.485	0.767
375	-0.13799999999999998	0.14100000000000001	0.98	0.597753	-0.138	0.141	0.98
376	0.121	-0.819	0.5609999999999999	0.597411	0.121	-0.819	0.561
377	0.419	-0.48500000000000004	0.767	0.596029	0.419	-0.485	0.767
378	0.98	-0.13799999999999998	0.14100000000000001	0.597753	0.98	-0.138	0.141
379	0.906	0.33399999999999996	0.261	0.600522	0.906	0.334	0.261
380	0.48500000000000004	0.767	-0.419	0.596029	0.485	0.767	-0.419
381	0.14100000000000001	0.98	-0.13799999999999998	0.597753	0.141	0.98	-0.138
382	-0.6799999999999999	0.647	-0.34400000000000003	0.597087	-0.68	0.647	-0.344
383	-0.819	0.5609999999999999	0.121	0.597411	-0.819	0.561	0.121
384	-0.906	-0.33399999999999996	0.261	0.600522	-0.906	-0.334	0.261
385	-0.647	-0.34400000000000003	0.6799999999999999	0.597087	-0.647	-0.344	0.68
386	0.261	-0.906	-0.33399999999999996	0.600522	0.261	-0.906	-0.334
387	0.6799999999999999	-0.647	-0.34400000000000003	0.597087	0.68	-0.647	-0.344
388	0.5609999999999999	0.121	-0.819	0.597411	0.561	0.121	-0.819
389	-0.33399999999999996	0.261	-0.906	0.600522	-0.334	0.261	-0.906
390	-0.767	-0.419	-0.48500000000000004	0.596029	-0.767	-0.419	-0.485
391	0.39799999999999996	0.169	0.9019999999999999	0.632984	0.398	0.169	0.902
392	0.437	0.685	0.583	0.633438	0.437	0.685	0.583
393	-0.128	0.876	0.46499999999999997	0.634197	-0.128	0.876	0.465
394	-0.516	0.478	0.711	0.632857	-0.516	0.478	0.711
395	-0.191	0.041	0.981	0.634735	-0.191	0.041	0.981
396	0.128	-0.876	0.46499999999999997	0.634197	0.128	-0.876	0.465
397	0.516	-0.478	0.711	0.632857	0.516	-0.478	0.711
398	0.981	-0.191	0.041	0.634735	0.981	-0.191	0.041
399	0.9019999999999999	0.39799999999999996	0.169	0.632984	0.902	0.398	0.169
400	0.478	0.711	-0.516	0.632857	0.478	0.711	-0.516
401	0.041	0.981	-0.191	0.634735	0.041	0.981	-0.191
402	-0.685	0.583	-0.437	0.633438	-0.685	0.583	-0.437
403	-0.876	0.46499999999999997	0.128	0.634197	-0.876	0.465	0.128
404	-0.9019999999999999	-0.39799999999999996	0.169	0.632984	-0.902	-0.398	0.169
405	-0.583	-0.437	0.685	0.633438	-0.583	-0.437	0.685
406	0.169	-0.9019999999999999	-0.39799999999999996	0.632984	0.169	-0.902	-0.398
407	0.685	-0.583	-0.437	0.633438	0.685	-0.583	-0.437
408	0.46499999999999997	0.128	-0.876	0.634197	0.465	0.128	-0.876
409	-0.39799999999999996	0.169	-0.9019999999999999	0.632984	-0.398	0.169	-0.902
410	-0.711	-0.516	-0.478	0.632857	-0.711	-0.516	-0.478
411	0.45899999999999996	0.07200000000000001	0.885	0.646892	0.459	0.072	0.885
412	0.526	0.6809999999999999	0.509	0.646385	0.526	0.681	0.509
413	-0.13399999999999998	0.9239999999999999	0.359	0.64853	-0.134	0.924	0.359
414	-0.609	0.46399999999999997	0.643	0.647364	-0.609	0.464	0.643
415	-0.242	-0.062	0.968	0.645511	-0.242	-0.062	0.968
416	0.13399999999999998	-0.9239999999999999	0.359	0.64853	0.134	-0.924	0.359
417	0.609	-0.46399999999999997	0.643	0.647364	0.609	-0.464	0.643
418	0.968	-0.242	-0.062	0.645511	0.968	-0.242	-0.062
419	0.885	0.45899999999999996	0.07200000000000001	0.646892	0.885	0.459	0.072
420	0.46399999999999997	0.643	-0.609	0.647364	0.464	0.643	-0.609
421	-0.062	0.968	-0.242	0.645511	-0.062	0.968	-0.242
422	-0.6809999999999999	0.509	-0.526	0.646385	-0.681	0.509	-0.526
423	-0.9239999999999999	0.359	0.13399999999999998	0.64853	-0.924	0.359	0.134
424	-0.885	-0.45899999999999996	0.07200000000000001	0.646892	-0.885	-0.459	0.072
425	-0.509	-0.526	0.6809999999999999	0.646385	-0.509	-0.526	0.681
426	0.07200000000000001	-0.885	-0.45899999999999996	0.646892	0.072	-0.885	-0.459
427	0.6809999999999999	-0.509	-0.526	0.646385	0.681	-0.509	-0.526
428	0.359	0.13399999999999998	-0.9239999999999999	0.64853	0.359	0.134	-0.924
429	-0.45899999999999996	0.07200000000000001	-0.885	0.646892	-0.459	0.072	-0.885
430	-0.643	-0.609	-0.46399999999999997	0.647364	-0.643	-0.609	-0.464
431	0.514	-0.026	0.857	0.633313	0.514	-0.026	0.857
432	0.608	0.6679999999999999	0.428	0.632987	0.608	0.668	0.428
433	-0.13799999999999998	0.959	0.249	0.635545	-0.138	0.959	0.249
434	-0.694	0.444	0.5670000000000001	0.633977	-0.694	0.444	0.567
435	-0.29	-0.164	0.943	0.632573	-0.29	-0.164	0.943
436	0.13799999999999998	-0.959	0.249	0.635545	0.138	-0.959	0.249
437	0.694	-0.444	0.5670000000000001	0.633977	0.694	-0.444	0.567
438	0.943	-0.29	-0.164	0.632573	0.943	-0.29	-0.164
439	0.857	0.514	-0.026	0.633313	0.857	0.514	-0.026
440	0.444	0.5670000000000001	-0.694	0.633977	0.444	0.567	-0.694
441	-0.164	0.943	-0.29	0.632573	-0.164	0.943	-0.29
442	-0.6679999999999999	0.428	-0.608	0.632987	-0.668	0.428	-0.608
443	-0.959	0.249	0.13799999999999998	0.635545	-0.959	0.249	0.138
444	-0.857	-0.514	-0.026	0.633313	-0.857	-0.514	-0.026
445	-0.428	-0.608	0.6679999999999999	0.632987	-0.428	-0.608	0.668
446	-0.026	-0.857	-0.514	0.633313	-0.026	-0.857	-0.514
447	0.6679999999999999	-0.428	-0.608	0.632987	0.668	-0.428	-0.608
448	0.249	0.13799999999999998	-0.959	0.635545	0.249	0.138	-0.959
449	-0.514	-0.026	-0.857	0.633313	-0.514	-0.026	-0.857
450	-0.5670000000000001	-0.694	-0.444	0.633977	-0.567	-0.694	-0.444
451	0.5609999999999999	-0.121	0.819	0.597411	0.561	-0.121	0.819
452	0.6799999999999999	0.647	0.34400000000000003	0.597087	0.68	0.647	0.344
453	-0.14100000000000001	0.98	0.13799999999999998	0.597753	-0.141	0.98	0.138
454	-0.767	0.419	0.48500000000000004	0.596029	-0.767	0.419	0.485
455	-0.33399999999999996	-0.261	0.906	0.600522	-0.334	-0.261	0.906
456	0.14100000000000001	-0.98	0.13799999999999998	0.597753	0.141	-0.98	0.138
457	0.767	-0.419	0.48500000000000004	0.596029	0.767	-0.419	0.485
458	0.906	-0.33399999999999996	-0.261	0.600522	0.906	-0.334	-0.261
459	0.819	0.5609999999999999	-0.121	0.597411	0.819	0.561	-0.121
460	0.419	0.48500000000000004	-0.767	0.596029	0.419	0.485	-0.767
461	-0.261	0.906	-0.33399999999999996	0.600522	-0.261	0.906	-0.334
462	-0.647	0.34400000000000003	-0.6799999999999999	0.597087	-0.647	0.344	-0.68
463	-0.98	0.13799999999999998	0.14100000000000001	0.597753	-0.98	0.138	0.141
464	-0.819	-0.5609999999999999	-0.121	0.597411	-0.819	-0.561	-0.121
465	-0.34400000000000003	-0.6799999999999999	0.647	0.597087	-0.344	-0.68	0.647
466	-0.121	-0.819	-0.5609999999999999	0.597411	-0.121	-0.819	-0.561
467	0.647	-0.34400000000000003	-0.6799999999999999	0.597087	0.647	-0.344	-0.68
468	0.13799999999999998	0.14100000000000001	-0.98	0.597753	0.138	0.141	-0.98
469	-0.5609999999999999	-0.121	-0.819	0.597411	-0.561	-0.121	-0.819
470	-0.48500000000000004	-0.767	-0.419	0.596029	-0.485	-0.767	-0.419
471	0.599	-0.21	0.773	0.557219	0.599	-0.21	0.773
472	0.741	0.619	0.261	0.555961	0.741	0.619	0.261
473	-0.14100000000000001	0.989	0.032	0.555954	-0.141	0.989	0.032
474	-0.828	0.38999999999999996	0.402	0.553569	-0.828	0.39	0.402
475	-0.371	-0.351	0.86	0.558165	-0.371	-0.351	0.86
476	0.14100000000000001	-0.989	0.032	0.555954	0.141	-0.989	0.032
477	0.828	-0.38999999999999996	0.402	0.553569	0.828	-0.39	0.402
478	0.86	-0.371	-0.351	0.558165	0.86	-0.371	-0.351
479	0.773	0.599	-0.21	0.557219	0.773	0.599	-0.21
480	0.38999999999999996	0.402	-0.828	0.553569	0.39	0.402	-0.828
481	-0.351	0.86	-0.371	0.558165	-0.351	0.86	-0.371
482	-0.619	0.261	-0.741	0.555961	-0.619	0.261	-0.741
483	-0.989	0.032	0.14100000000000001	0.555954	-0.989	0.032	0.141
484	-0.773	-0.599	-0.21	0.557219	-0.773	-0.599	-0.21
485	-0.261	-0.741	0.619	0.555961	-0.261	-0.741	0.619
486	-0.21	-0.773	-0.599	0.557219	-0.21	-0.773	-0.599
487	0.619	-0.261	-0.741	0.555961	0.619	-0.261	-0.741
488	0.032	0.14100000000000001	-0.989	0.555954	0.032	0.141	-0.989
489	-0.599	-0.21	-0.773	0.557219	-0.599	-0.21	-0.773
490	-0.402	-0.828	-0.38999999999999996	0.553569	-0.402	-0.828	-0.39
491	0.	0.526	0.851	0.275312	0.	0.526	0.851
492	0.05	0.472	0.8799999999999999	0.395319	0.05	0.472	0.88
493	0.073	0.548	0.833	0.397845	0.073	0.548	0.833
494	-0.004	0.591	0.807	0.398985	-0.004	0.591	0.807
495	-0.076	0.541	0.838	0.399998	-0.076	0.541	0.838
496	-0.042	0.46799999999999997	0.8829999999999999	0.396757	-0.042	0.468	0.883
497	0.004	-0.591	0.807	0.398985	0.004	-0.591	0.807
498	0.076	-0.541	0.838	0.399998	0.076	-0.541	0.838
499	0.8829999999999999	-0.042	0.46799999999999997	0.396757	0.883	-0.042	0.468
500	0.8799999999999999	0.05	0.472	0.395319	0.88	0.05	0.472
501	0.541	0.838	-0.076	0.399998	0.541	0.838	-0.076
502	0.46799999999999997	0.8829999999999999	-0.042	0.396757	0.468	0.883	-0.042
503	-0.548	0.833	-0.073	0.397845	-0.548	0.833	-0.073
504	-0.591	0.807	0.004	0.398985	-0.591	0.807	0.004
505	-0.8799999999999999	-0.05	0.472	0.395319	-0.88	-0.05	0.472
506	-0.833	-0.073	0.548	0.397845	-0.833	-0.073	0.548
507	0.472	-0.8799999999999999	-0.05	0.395319	0.472	-0.88	-0.05
508	0.548	-0.833	-0.073	0.397845	0.548	-0.833	-0.073
509	0.807	0.004	-0.591	0.398985	0.807	0.004	-0.591
510	-0.05	0.472	-0.8799999999999999	0.395319	-0.05	0.472	-0.88
511	-0.838	-0.076	-0.541	0.399998	-0.838	-0.076	-0.541
512	0.104	0.41000000000000003	0.906	0.459547	0.104	0.41	0.906
513	0.154	0.569	0.8079999999999999	0.461228	0.154	0.569	0.808
514	-0.009000000000000001	0.659	0.752	0.460938	-0.009	0.659	0.752
515	-0.16	0.554	0.8170000000000001	0.463499	-0.16	0.554	0.817
516	-0.089	0.40099999999999997	0.9119999999999999	0.459634	-0.089	0.401	0.912
517	0.009000000000000001	-0.659	0.752	0.460938	0.009	-0.659	0.752
518	0.16	-0.554	0.8170000000000001	0.463499	0.16	-0.554	0.817
519	0.9119999999999999	-0.089	0.40099999999999997	0.459634	0.912	-0.089	0.401
520	0.906	0.104	0.41000000000000003	0.459547	0.906	0.104	0.41
521	0.554	0.8170000000000001	-0.16	0.463499	0.554	0.817	-0.16
522	0.40099999999999997	0.9119999999999999	-0.089	0.459634	0.401	0.912	-0.089
523	-0.569	0.8079999999999999	-0.154	0.461228	-0.569	0.808	-0.154
524	-0.659	0.752	0.009000000000000001	0.460938	-0.659	0.752	0.009
525	-0.906	-0.104	0.41000000000000003	0.459547	-0.906	-0.104	0.41
526	-0.8079999999999999	-0.154	0.569	0.461228	-0.808	-0.154	0.569
527	0.41000000000000003	-0.906	-0.104	0.459547	0.41	-0.906	-0.104
528	0.569	-0.8079999999999999	-0.154	0.461228	0.569	-0.808	-0.154
529	0.752	0.009000000000000001	-0.659	0.460938	0.752	0.009	-0.659
530	-0.104	0.41000000000000003	-0.906	0.459547	-0.104	0.41	-0.906
531	-0.8170000000000001	-0.16	-0.554	0.463499	-0.817	-0.16	-0.554
532	0.164	0.33699999999999997	0.9269999999999999	0.526045	0.164	0.337	0.927
533	0.24100000000000002	0.587	0.772	0.528609	0.241	0.587	0.772
534	-0.013999999999999999	0.728	0.6859999999999999	0.525128	-0.014	0.728	0.686
535	-0.25	0.5640000000000001	0.7869999999999999	0.527457	-0.25	0.564	0.787
536	-0.14	0.32299999999999995	0.9359999999999999	0.527026	-0.14	0.323	0.936
537	0.013999999999999999	-0.728	0.6859999999999999	0.525128	0.014	-0.728	0.686
538	0.25	-0.5640000000000001	0.7869999999999999	0.527457	0.25	-0.564	0.787
539	0.9359999999999999	-0.14	0.32299999999999995	0.527026	0.936	-0.14	0.323
540	0.9269999999999999	0.164	0.33699999999999997	0.526045	0.927	0.164	0.337
541	0.5640000000000001	0.7869999999999999	-0.25	0.527457	0.564	0.787	-0.25
542	0.32299999999999995	0.9359999999999999	-0.14	0.527026	0.323	0.936	-0.14
543	-0.587	0.772	-0.24100000000000002	0.528609	-0.587	0.772	-0.241
544	-0.728	0.6859999999999999	0.013999999999999999	0.525128	-0.728	0.686	0.014
545	-0.9269999999999999	-0.164	0.33699999999999997	0.526045	-0.927	-0.164	0.337
546	-0.772	-0.24100000000000002	0.587	0.528609	-0.772	-0.241	0.587
547	0.33699999999999997	-0.9269999999999999	-0.164	0.526045	0.337	-0.927	-0.164
548	0.587	-0.772	-0.24100000000000002	0.528609	0.587	-0.772	-0.241
549	0.6859999999999999	0.013999999999999999	-0.728	0.525128	0.686	0.014	-0.728
550	-0.164	0.33699999999999997	-0.9269999999999999	0.526045	-0.164	0.337	-0.927
551	-0.7869999999999999	-0.25	-0.5640000000000001	0.527457	-0.787	-0.25	-0.564
552	0.226	0.255	0.94	0.586651	0.226	0.255	0.94
553	0.33399999999999996	0.601	0.726	0.587477	0.334	0.601	0.726
554	-0.02	0.795	0.606	0.587644	-0.02	0.795	0.606
555	-0.34600000000000003	0.569	0.746	0.587227	-0.346	0.569	0.746
556	-0.194	0.235	0.952	0.588304	-0.194	0.235	0.952
557	0.02	-0.795	0.606	0.587644	0.02	-0.795	0.606
558	0.34600000000000003	-0.569	0.746	0.587227	0.346	-0.569	0.746
559	0.952	-0.194	0.235	0.588304	0.952	-0.194	0.235
560	0.94	0.226	0.255	0.586651	0.94	0.226	0.255
561	0.569	0.746	-0.34600000000000003	0.587227	0.569	0.746	-0.346
562	0.235	0.952	-0.194	0.588304	0.235	0.952	-0.194
563	-0.601	0.726	-0.33399999999999996	0.587477	-0.601	0.726	-0.334
564	-0.795	0.606	0.02	0.587644	-0.795	0.606	0.02
565	-0.94	-0.226	0.255	0.586651	-0.94	-0.226	0.255
566	-0.726	-0.33399999999999996	0.601	0.587477	-0.726	-0.334	0.601
567	0.255	-0.94	-0.226	0.586651	0.255	-0.94	-0.226
568	0.601	-0.726	-0.33399999999999996	0.587477	0.601	-0.726	-0.334
569	0.606	0.02	-0.795	0.587644	0.606	0.02	-0.795
570	-0.226	0.255	-0.94	0.586651	-0.226	0.255	-0.94
571	-0.746	-0.34600000000000003	-0.569	0.587227	-0.746	-0.346	-0.569
572	0.29	0.164	0.943	0.632573	0.29	0.164	0.943
573	0.428	0.608	0.6679999999999999	0.632987	0.428	0.608	0.668
574	-0.026	0.857	0.514	0.633313	-0.026	0.857	0.514
575	-0.444	0.5670000000000001	0.694	0.633977	-0.444	0.567	0.694
576	-0.249	0.13799999999999998	0.959	0.635545	-0.249	0.138	0.959
577	0.026	-0.857	0.514	0.633313	0.026	-0.857	0.514
578	0.444	-0.5670000000000001	0.694	0.633977	0.444	-0.567	0.694
579	0.959	-0.249	0.13799999999999998	0.635545	0.959	-0.249	0.138
580	0.943	0.29	0.164	0.632573	0.943	0.29	0.164
581	0.5670000000000001	0.694	-0.444	0.633977	0.567	0.694	-0.444
582	0.13799999999999998	0.959	-0.249	0.635545	0.138	0.959	-0.249
583	-0.608	0.6679999999999999	-0.428	0.632987	-0.608	0.668	-0.428
584	-0.857	0.514	0.026	0.633313	-0.857	0.514	0.026
585	-0.943	-0.29	0.164	0.632573	-0.943	-0.29	0.164
586	-0.6679999999999999	-0.428	0.608	0.632987	-0.668	-0.428	0.608
587	0.164	-0.943	-0.29	0.632573	0.164	-0.943	-0.29
588	0.608	-0.6679999999999999	-0.428	0.632987	0.608	-0.668	-0.428
589	0.514	0.026	-0.857	0.633313	0.514	0.026	-0.857
590	-0.29	0.164	-0.943	0.632573	-0.29	0.164	-0.943
591	-0.694	-0.444	-0.5670000000000001	0.633977	-0.694	-0.444	-0.567
592	0.353	0.068	0.9329999999999999	0.6573	0.353	0.068	0.933
593	0.521	0.608	0.599	0.658183	0.521	0.608	0.599
594	-0.031	0.9109999999999999	0.412	0.658577	-0.031	0.911	0.412
595	-0.5399999999999999	0.557	0.6299999999999999	0.660357	-0.54	0.557	0.63
596	-0.303	0.036000000000000004	0.952	0.658185	-0.303	0.036	0.952
597	0.031	-0.9109999999999999	0.412	0.658577	0.031	-0.911	0.412
598	0.5399999999999999	-0.557	0.6299999999999999	0.660357	0.54	-0.557	0.63
599	0.952	-0.303	0.036000000000000004	0.658185	0.952	-0.303	0.036
600	0.9329999999999999	0.353	0.068	0.6573	0.933	0.353	0.068
601	0.557	0.6299999999999999	-0.5399999999999999	0.660357	0.557	0.63	-0.54
602	0.036000000000000004	0.952	-0.303	0.658185	0.036	0.952	-0.303
603	-0.608	0.599	-0.521	0.658183	-0.608	0.599	-0.521
604	-0.9109999999999999	0.412	0.031	0.658577	-0.911	0.412	0.031
605	-0.9329999999999999	-0.353	0.068	0.6573	-0.933	-0.353	0.068
606	-0.599	-0.521	0.608	0.658183	-0.599	-0.521	0.608
607	0.068	-0.9329999999999999	-0.353	0.6573	0.068	-0.933	-0.353
608	0.608	-0.599	-0.521	0.658183	0.608	-0.599	-0.521
609	0.412	0.031	-0.9109999999999999	0.658577	0.412	0.031	-0.911
610	-0.353	0.068	-0.9329999999999999	0.6573	-0.353	0.068	-0.933
611	-0.6299999999999999	-0.5399999999999999	-0.557	0.660357	-0.63	-0.54	-0.557
612	0.412	-0.031	0.9109999999999999	0.658577	0.412	-0.031	0.911
613	0.608	0.599	0.521	0.658183	0.608	0.599	0.521
614	-0.036000000000000004	0.952	0.303	0.658185	-0.036	0.952	0.303
615	-0.6299999999999999	0.5399999999999999	0.557	0.660357	-0.63	0.54	0.557
616	-0.353	-0.068	0.9329999999999999	0.6573	-0.353	-0.068	0.933
617	0.036000000000000004	-0.952	0.303	0.658185	0.036	-0.952	0.303
618	0.6299999999999999	-0.5399999999999999	0.557	0.660357	0.63	-0.54	0.557
619	0.9329999999999999	-0.353	-0.068	0.6573	0.933	-0.353	-0.068
620	0.9109999999999999	0.412	-0.031	0.658577	0.911	0.412	-0.031
621	0.5399999999999999	0.557	-0.6299999999999999	0.660357	0.54	0.557	-0.63
622	-0.068	0.9329999999999999	-0.353	0.6573	-0.068	0.933	-0.353
623	-0.599	0.521	-0.608	0.658183	-0.599	0.521	-0.608
624	-0.952	0.303	0.036000000000000004	0.658185	-0.952	0.303	0.036
625	-0.9109999999999999	-0.412	-0.031	0.658577	-0.911	-0.412	-0.031
626	-0.521	-0.608	0.599	0.658183	-0.521	-0.608	0.599
627	-0.031	-0.9109999999999999	-0.412	0.658577	-0.031	-0.911	-0.412
628	0.599	-0.521	-0.608	0.658183	0.599	-0.521	-0.608
629	0.303	0.036000000000000004	-0.952	0.658185	0.303	0.036	-0.952
630	-0.412	-0.031	-0.9109999999999999	0.658577	-0.412	-0.031	-0.911
631	-0.557	-0.6299999999999999	-0.5399999999999999	0.660357	-0.557	-0.63	-0.54
632	0.46499999999999997	-0.128	0.876	0.634197	0.465	-0.128	0.876
633	0.685	0.583	0.437	0.633438	0.685	0.583	0.437
634	-0.041	0.981	0.191	0.634735	-0.041	0.981	0.191
635	-0.711	0.516	0.478	0.632857	-0.711	0.516	0.478
636	-0.39799999999999996	-0.169	0.9019999999999999	0.632984	-0.398	-0.169	0.902
637	0.041	-0.981	0.191	0.634735	0.041	-0.981	0.191
638	0.711	-0.516	0.478	0.632857	0.711	-0.516	0.478
639	0.9019999999999999	-0.39799999999999996	-0.169	0.632984	0.902	-0.398	-0.169
640	0.876	0.46499999999999997	-0.128	0.634197	0.876	0.465	-0.128
641	0.516	0.478	-0.711	0.632857	0.516	0.478	-0.711
642	-0.169	0.9019999999999999	-0.39799999999999996	0.632984	-0.169	0.902	-0.398
643	-0.583	0.437	-0.685	0.633438	-0.583	0.437	-0.685
644	-0.981	0.191	0.041	0.634735	-0.981	0.191	0.041
645	-0.876	-0.46499999999999997	-0.128	0.634197	-0.876	-0.465	-0.128
646	-0.437	-0.685	0.583	0.633438	-0.437	-0.685	0.583
647	-0.128	-0.876	-0.46499999999999997	0.634197	-0.128	-0.876	-0.465
648	0.583	-0.437	-0.685	0.633438	0.583	-0.437	-0.685
649	0.191	0.041	-0.981	0.634735	0.191	0.041	-0.981
650	-0.46499999999999997	-0.128	-0.876	0.634197	-0.465	-0.128	-0.876
651	-0.478	-0.711	-0.516	0.632857	-0.478	-0.711	-0.516
652	0.509	-0.21999999999999997	0.832	0.585867	0.509	-0.22	0.832
653	0.751	0.5589999999999999	0.351	0.589526	0.751	0.559	0.351
654	-0.045000000000000005	0.996	0.081	0.58827	-0.045	0.996	0.081
655	-0.779	0.486	0.396	0.586874	-0.779	0.486	0.396
656	-0.437	-0.265	0.86	0.587637	-0.437	-0.265	0.86
657	0.045000000000000005	-0.996	0.081	0.58827	0.045	-0.996	0.081
658	0.779	-0.486	0.396	0.586874	0.779	-0.486	0.396
659	0.86	-0.437	-0.265	0.587637	0.86	-0.437	-0.265
660	0.832	0.509	-0.21999999999999997	0.585867	0.832	0.509	-0.22
661	0.486	0.396	-0.779	0.586874	0.486	0.396	-0.779
662	-0.265	0.86	-0.437	0.587637	-0.265	0.86	-0.437
663	-0.5589999999999999	0.351	-0.751	0.589526	-0.559	0.351	-0.751
664	-0.996	0.081	0.045000000000000005	0.58827	-0.996	0.081	0.045
665	-0.832	-0.509	-0.21999999999999997	0.585867	-0.832	-0.509	-0.22
666	-0.351	-0.751	0.5589999999999999	0.589526	-0.351	-0.751	0.559
667	-0.21999999999999997	-0.832	-0.509	0.585867	-0.22	-0.832	-0.509
668	0.5589999999999999	-0.351	-0.751	0.589526	0.559	-0.351	-0.751
669	0.081	0.045000000000000005	-0.996	0.58827	0.081	0.045	-0.996
670	-0.509	-0.21999999999999997	-0.832	0.585867	-0.509	-0.22	-0.832
671	-0.396	-0.779	-0.486	0.586874	-0.396	-0.779	-0.486
672	0.006999999999999999	0.39499999999999996	0.919	0.440038	0.007	0.395	0.919
673	0.142	0.487	0.862	0.440173	0.142	0.487	0.862
674	0.081	0.625	0.776	0.441597	0.081	0.625	0.776
675	-0.092	0.618	0.781	0.445837	-0.092	0.618	0.781
676	-0.13799999999999998	0.475	0.869	0.440445	-0.138	0.475	0.869
677	-0.081	-0.625	0.776	0.441597	-0.081	-0.625	0.776
678	0.092	-0.618	0.781	0.445837	0.092	-0.618	0.781
679	0.869	-0.13799999999999998	0.475	0.440445	0.869	-0.138	0.475
680	0.919	0.006999999999999999	0.39499999999999996	0.440038	0.919	0.007	0.395
681	0.618	0.781	-0.092	0.445837	0.618	0.781	-0.092
682	0.475	0.869	-0.13799999999999998	0.440445	0.475	0.869	-0.138
683	-0.487	0.862	-0.142	0.440173	-0.487	0.862	-0.142
684	-0.625	0.776	-0.081	0.441597	-0.625	0.776	-0.081
685	-0.919	-0.006999999999999999	0.39499999999999996	0.440038	-0.919	-0.007	0.395
686	-0.862	-0.142	0.487	0.440173	-0.862	-0.142	0.487
687	0.39499999999999996	-0.919	-0.006999999999999999	0.440038	0.395	-0.919	-0.007
688	0.487	-0.862	-0.142	0.440173	0.487	-0.862	-0.142
689	0.776	-0.081	-0.625	0.441597	0.776	-0.081	-0.625
690	-0.006999999999999999	0.39499999999999996	-0.919	0.440038	-0.007	0.395	-0.919
691	-0.781	-0.092	-0.618	0.445837	-0.781	-0.092	-0.618
692	0.061	0.325	0.944	0.495683	0.061	0.325	0.944
693	0.22799999999999998	0.503	0.833	0.493459	0.228	0.503	0.833
694	0.08	0.694	0.716	0.490242	0.08	0.694	0.716
695	-0.179	0.6329999999999999	0.753	0.493964	-0.179	0.633	0.753
696	-0.19	0.405	0.894	0.492407	-0.19	0.405	0.894
697	-0.08	-0.694	0.716	0.490242	-0.08	-0.694	0.716
698	0.179	-0.6329999999999999	0.753	0.493964	0.179	-0.633	0.753
699	0.894	-0.19	0.405	0.492407	0.894	-0.19	0.405
700	0.944	0.061	0.325	0.495683	0.944	0.061	0.325
701	0.6329999999999999	0.753	-0.179	0.493964	0.633	0.753	-0.179
702	0.405	0.894	-0.19	0.492407	0.405	0.894	-0.19
703	-0.503	0.833	-0.22799999999999998	0.493459	-0.503	0.833	-0.228
704	-0.694	0.716	-0.08	0.490242	-0.694	0.716	-0.08
705	-0.944	-0.061	0.325	0.495683	-0.944	-0.061	0.325
706	-0.833	-0.22799999999999998	0.503	0.493459	-0.833	-0.228	0.503
707	0.325	-0.944	-0.061	0.495683	0.325	-0.944	-0.061
708	0.503	-0.833	-0.22799999999999998	0.493459	0.503	-0.833	-0.228
709	0.716	-0.08	-0.694	0.490242	0.716	-0.08	-0.694
710	-0.061	0.325	-0.944	0.495683	-0.061	0.325	-0.944
711	-0.753	-0.179	-0.6329999999999999	0.493964	-0.753	-0.179	-0.633
712	0.119	0.245	0.962	0.555521	0.119	0.245	0.962
713	0.32	0.516	0.795	0.555299	0.32	0.516	0.795
714	0.078	0.762	0.643	0.554376	0.078	0.762	0.643
715	-0.271	0.643	0.716	0.553886	-0.271	0.643	0.716
716	-0.246	0.324	0.914	0.556658	-0.246	0.324	0.914
717	-0.078	-0.762	0.643	0.554376	-0.078	-0.762	0.643
718	0.271	-0.643	0.716	0.553886	0.271	-0.643	0.716
719	0.914	-0.246	0.324	0.556658	0.914	-0.246	0.324
720	0.962	0.119	0.245	0.555521	0.962	0.119	0.245
721	0.643	0.716	-0.271	0.553886	0.643	0.716	-0.271
722	0.324	0.914	-0.246	0.556658	0.324	0.914	-0.246
723	-0.516	0.795	-0.32	0.555299	-0.516	0.795	-0.32
724	-0.762	0.643	-0.078	0.554376	-0.762	0.643	-0.078
725	-0.962	-0.119	0.245	0.555521	-0.962	-0.119	0.245
726	-0.795	-0.32	0.516	0.555299	-0.795	-0.32	0.516
727	0.245	-0.962	-0.119	0.555521	0.245	-0.962	-0.119
728	0.516	-0.795	-0.32	0.555299	0.516	-0.795	-0.32
729	0.643	-0.078	-0.762	0.554376	0.643	-0.078	-0.762
730	-0.119	0.245	-0.962	0.555521	-0.119	0.245	-0.962
731	-0.716	-0.271	-0.643	0.553886	-0.716	-0.271	-0.643
732	0.18000000000000002	0.157	0.971	0.607685	0.18	0.157	0.971
733	0.414	0.524	0.744	0.608445	0.414	0.524	0.744
734	0.076	0.827	0.557	0.612341	0.076	0.827	0.557
735	-0.367	0.647	0.6679999999999999	0.608419	-0.367	0.647	0.668
736	-0.303	0.233	0.9239999999999999	0.610672	-0.303	0.233	0.924
737	-0.076	-0.827	0.557	0.612341	-0.076	-0.827	0.557
738	0.367	-0.647	0.6679999999999999	0.608419	0.367	-0.647	0.668
739	0.9239999999999999	-0.303	0.233	0.610672	0.924	-0.303	0.233
740	0.971	0.18000000000000002	0.157	0.607685	0.971	0.18	0.157
741	0.647	0.6679999999999999	-0.367	0.608419	0.647	0.668	-0.367
742	0.233	0.9239999999999999	-0.303	0.610672	0.233	0.924	-0.303
743	-0.524	0.744	-0.414	0.608445	-0.524	0.744	-0.414
744	-0.827	0.557	-0.076	0.612341	-0.827	0.557	-0.076
745	-0.971	-0.18000000000000002	0.157	0.607685	-0.971	-0.18	0.157
746	-0.744	-0.414	0.524	0.608445	-0.744	-0.414	0.524
747	0.157	-0.971	-0.18000000000000002	0.607685	0.157	-0.971	-0.18
748	0.524	-0.744	-0.414	0.608445	0.524	-0.744	-0.414
749	0.557	-0.076	-0.827	0.612341	0.557	-0.076	-0.827
750	-0.18000000000000002	0.157	-0.971	0.607685	-0.18	0.157	-0.971
751	-0.6679999999999999	-0.367	-0.647	0.608419	-0.668	-0.367	-0.647
752	0.242	0.062	0.968	0.645511	0.242	0.062	0.968
753	0.509	0.526	0.6809999999999999	0.646385	0.509	0.526	0.681
754	0.07200000000000001	0.885	0.45899999999999996	0.646892	0.072	0.885	0.459
755	-0.46399999999999997	0.643	0.609	0.647364	-0.464	0.643	0.609
756	-0.359	0.13399999999999998	0.9239999999999999	0.64853	-0.359	0.134	0.924
757	-0.07200000000000001	-0.885	0.45899999999999996	0.646892	-0.072	-0.885	0.459
758	0.46399999999999997	-0.643	0.609	0.647364	0.464	-0.643	0.609
759	0.9239999999999999	-0.359	0.13399999999999998	0.64853	0.924	-0.359	0.134
760	0.968	0.242	0.062	0.645511	0.968	0.242	0.062
761	0.643	0.609	-0.46399999999999997	0.647364	0.643	0.609	-0.464
762	0.13399999999999998	0.9239999999999999	-0.359	0.64853	0.134	0.924	-0.359
763	-0.526	0.6809999999999999	-0.509	0.646385	-0.526	0.681	-0.509
764	-0.885	0.45899999999999996	-0.07200000000000001	0.646892	-0.885	0.459	-0.072
765	-0.968	-0.242	0.062	0.645511	-0.968	-0.242	0.062
766	-0.6809999999999999	-0.509	0.526	0.646385	-0.681	-0.509	0.526
767	0.062	-0.968	-0.242	0.645511	0.062	-0.968	-0.242
768	0.526	-0.6809999999999999	-0.509	0.646385	0.526	-0.681	-0.509
769	0.45899999999999996	-0.07200000000000001	-0.885	0.646892	0.459	-0.072	-0.885
770	-0.242	0.062	-0.968	0.645511	-0.242	0.062	-0.968
771	-0.609	-0.46399999999999997	-0.643	0.647364	-0.609	-0.464	-0.643
772	0.303	-0.036000000000000004	0.952	0.658185	0.303	-0.036	0.952
773	0.599	0.521	0.608	0.658183	0.599	0.521	0.608
774	0.068	0.9329999999999999	0.353	0.6573	0.068	0.933	0.353
775	-0.557	0.6299999999999999	0.5399999999999999	0.660357	-0.557	0.63	0.54
776	-0.412	0.031	0.9109999999999999	0.658577	-0.412	0.031	0.911
777	-0.068	-0.9329999999999999	0.353	0.6573	-0.068	-0.933	0.353
778	0.557	-0.6299999999999999	0.5399999999999999	0.660357	0.557	-0.63	0.54
779	0.9109999999999999	-0.412	0.031	0.658577	0.911	-0.412	0.031
780	0.952	0.303	-0.036000000000000004	0.658185	0.952	0.303	-0.036
781	0.6299999999999999	0.5399999999999999	-0.557	0.660357	0.63	0.54	-0.557
782	0.031	0.9109999999999999	-0.412	0.658577	0.031	0.911	-0.412
783	-0.521	0.608	-0.599	0.658183	-0.521	0.608	-0.599
784	-0.9329999999999999	0.353	-0.068	0.6573	-0.933	0.353	-0.068
785	-0.952	-0.303	-0.036000000000000004	0.658185	-0.952	-0.303	-0.036
786	-0.608	-0.599	0.521	0.658183	-0.608	-0.599	0.521
787	-0.036000000000000004	-0.952	-0.303	0.658185	-0.036	-0.952	-0.303
788	0.521	-0.608	-0.599	0.658183	0.521	-0.608	-0.599
789	0.353	-0.068	-0.9329999999999999	0.6573	0.353	-0.068	-0.933
790	-0.303	-0.036000000000000004	-0.952	0.658185	-0.303	-0.036	-0.952
791	-0.5399999999999999	-0.557	-0.6299999999999999	0.660357	-0.54	-0.557	-0.63
792	0.359	-0.13399999999999998	0.9239999999999999	0.64853	0.359	-0.134	0.924
793	0.6809999999999999	0.509	0.526	0.646385	0.681	0.509	0.526
794	0.062	0.968	0.242	0.645511	0.062	0.968	0.242
795	-0.643	0.609	0.46399999999999997	0.647364	-0.643	0.609	0.464
796	-0.45899999999999996	-0.07200000000000001	0.885	0.646892	-0.459	-0.072	0.885
797	-0.062	-0.968	0.242	0.645511	-0.062	-0.968	0.242
798	0.643	-0.609	0.46399999999999997	0.647364	0.643	-0.609	0.464
799	0.885	-0.45899999999999996	-0.07200000000000001	0.646892	0.885	-0.459	-0.072
800	0.9239999999999999	0.359	-0.13399999999999998	0.64853	0.924	0.359	-0.134
801	0.609	0.46399999999999997	-0.643	0.647364	0.609	0.464	-0.643
802	-0.07200000000000001	0.885	-0.45899999999999996	0.646892	-0.072	0.885	-0.459
803	-0.509	0.526	-0.6809999999999999	0.646385	-0.509	0.526	-0.681
804	-0.968	0.242	-0.062	0.645511	-0.968	0.242	-0.062
805	-0.9239999999999999	-0.359	-0.13399999999999998	0.64853	-0.924	-0.359	-0.134
806	-0.526	-0.6809999999999999	0.509	0.646385	-0.526	-0.681	0.509
807	-0.13399999999999998	-0.9239999999999999	-0.359	0.64853	-0.134	-0.924	-0.359
808	0.509	-0.526	-0.6809999999999999	0.646385	0.509	-0.526	-0.681
809	0.242	-0.062	-0.968	0.645511	0.242	-0.062	-0.968
810	-0.359	-0.13399999999999998	-0.9239999999999999	0.64853	-0.359	-0.134	-0.924
811	-0.46399999999999997	-0.643	-0.609	0.647364	-0.464	-0.643	-0.609
812	0.409	-0.22799999999999998	0.8829999999999999	0.611085	0.409	-0.228	0.883
813	0.752	0.49	0.43999999999999995	0.610143	0.752	0.49	0.44
814	0.055999999999999994	0.99	0.131	0.609234	0.056	0.99	0.131
815	-0.718	0.58	0.384	0.610853	-0.718	0.58	0.384
816	-0.499	-0.17200000000000001	0.849	0.611783	-0.499	-0.172	0.849
817	-0.055999999999999994	-0.99	0.131	0.609234	-0.056	-0.99	0.131
818	0.718	-0.58	0.384	0.610853	0.718	-0.58	0.384
819	0.849	-0.499	-0.17200000000000001	0.611783	0.849	-0.499	-0.172
820	0.8829999999999999	0.409	-0.22799999999999998	0.611085	0.883	0.409	-0.228
821	0.58	0.384	-0.718	0.610853	0.58	0.384	-0.718
822	-0.17200000000000001	0.849	-0.499	0.611783	-0.172	0.849	-0.499
823	-0.49	0.43999999999999995	-0.752	0.610143	-0.49	0.44	-0.752
824	-0.99	0.131	-0.055999999999999994	0.609234	-0.99	0.131	-0.056
825	-0.8829999999999999	-0.409	-0.22799999999999998	0.611085	-0.883	-0.409	-0.228
826	-0.43999999999999995	-0.752	0.49	0.610143	-0.44	-0.752	0.49
827	-0.22799999999999998	-0.8829999999999999	-0.409	0.611085	-0.228	-0.883	-0.409
828	0.49	-0.43999999999999995	-0.752	0.610143	0.49	-0.44	-0.752
829	0.131	-0.055999999999999994	-0.99	0.609234	0.131	-0.056	-0.99
830	-0.409	-0.22799999999999998	-0.8829999999999999	0.611085	-0.409	-0.228	-0.883
831	-0.384	-0.718	-0.58	0.610853	-0.384	-0.718	-0.58
832	0.452	-0.314	0.835	0.570463	0.452	-0.314	0.835
833	0.8109999999999999	0.46699999999999997	0.35200000000000004	0.570347	0.811	0.467	0.352
834	0.049	0.999	0.024	0.571851	0.049	0.999	0.024
835	-0.781	0.5459999999999999	0.303	0.571197	-0.781	0.546	0.303
836	-0.532	-0.265	0.8049999999999999	0.571017	-0.532	-0.265	0.805
837	-0.049	-0.999	0.024	0.571851	-0.049	-0.999	0.024
838	0.781	-0.5459999999999999	0.303	0.571197	0.781	-0.546	0.303
839	0.8049999999999999	-0.532	-0.265	0.571017	0.805	-0.532	-0.265
840	0.835	0.452	-0.314	0.570463	0.835	0.452	-0.314
841	0.5459999999999999	0.303	-0.781	0.571197	0.546	0.303	-0.781
842	-0.265	0.8049999999999999	-0.532	0.571017	-0.265	0.805	-0.532
843	-0.46699999999999997	0.35200000000000004	-0.8109999999999999	0.570347	-0.467	0.352	-0.811
844	-0.999	0.024	-0.049	0.571851	-0.999	0.024	-0.049
845	-0.835	-0.452	-0.314	0.570463	-0.835	-0.452	-0.314
846	-0.35200000000000004	-0.8109999999999999	0.46699999999999997	0.570347	-0.352	-0.811	0.467
847	-0.314	-0.835	-0.452	0.570463	-0.314	-0.835	-0.452
848	0.46699999999999997	-0.35200000000000004	-0.8109999999999999	0.570347	0.467	-0.352	-0.811
849	0.024	-0.049	-0.999	0.571851	0.024	-0.049	-0.999
850	-0.452	-0.314	-0.835	0.570463	-0.452	-0.314	-0.835
851	-0.303	-0.781	-0.5459999999999999	0.571197	-0.303	-0.781	-0.546
852	0.015	0.233	0.972	0.52728	0.015	0.233	0.972
853	0.302	0.43	0.851	0.527089	0.302	0.43	0.851
854	0.17099999999999999	0.722	0.67	0.525462	0.171	0.722	0.67
855	-0.196	0.7070000000000001	0.6799999999999999	0.526273	-0.196	0.707	0.68
856	-0.293	0.405	0.866	0.524614	-0.293	0.405	0.866
857	-0.17099999999999999	-0.722	0.67	0.525462	-0.171	-0.722	0.67
858	0.196	-0.7070000000000001	0.6799999999999999	0.526273	0.196	-0.707	0.68
859	0.866	-0.293	0.405	0.524614	0.866	-0.293	0.405
860	0.972	0.015	0.233	0.52728	0.972	0.015	0.233
861	0.7070000000000001	0.6799999999999999	-0.196	0.526273	0.707	0.68	-0.196
862	0.405	0.866	-0.293	0.524614	0.405	0.866	-0.293
863	-0.43	0.851	-0.302	0.527089	-0.43	0.851	-0.302
864	-0.722	0.67	-0.17099999999999999	0.525462	-0.722	0.67	-0.171
865	-0.972	-0.015	0.233	0.52728	-0.972	-0.015	0.233
866	-0.851	-0.302	0.43	0.527089	-0.851	-0.302	0.43
867	0.233	-0.972	-0.015	0.52728	0.233	-0.972	-0.015
868	0.43	-0.851	-0.302	0.527089	0.43	-0.851	-0.302
869	0.67	-0.17099999999999999	-0.722	0.525462	0.67	-0.171	-0.722
870	-0.015	0.233	-0.972	0.52728	-0.015	0.233	-0.972
871	-0.6799999999999999	-0.196	-0.7070000000000001	0.526273	-0.68	-0.196	-0.707
872	0.07200000000000001	0.14800000000000002	0.9859999999999999	0.566713	0.072	0.148	0.986
873	0.396	0.437	0.8079999999999999	0.566117	0.396	0.437	0.808
874	0.17300000000000001	0.788	0.591	0.568935	0.173	0.788	0.591
875	-0.289	0.716	0.635	0.567781	-0.289	0.716	0.635
876	-0.351	0.321	0.8799999999999999	0.566002	-0.351	0.321	0.88
877	-0.17300000000000001	-0.788	0.591	0.568935	-0.173	-0.788	0.591
878	0.289	-0.716	0.635	0.567781	0.289	-0.716	0.635
879	0.8799999999999999	-0.351	0.321	0.566002	0.88	-0.351	0.321
880	0.9859999999999999	0.07200000000000001	0.14800000000000002	0.566713	0.986	0.072	0.148
881	0.716	0.635	-0.289	0.567781	0.716	0.635	-0.289
882	0.321	0.8799999999999999	-0.351	0.566002	0.321	0.88	-0.351
883	-0.437	0.8079999999999999	-0.396	0.566117	-0.437	0.808	-0.396
884	-0.788	0.591	-0.17300000000000001	0.568935	-0.788	0.591	-0.173
885	-0.9859999999999999	-0.07200000000000001	0.14800000000000002	0.566713	-0.986	-0.072	0.148
886	-0.8079999999999999	-0.396	0.437	0.566117	-0.808	-0.396	0.437
887	0.14800000000000002	-0.9859999999999999	-0.07200000000000001	0.566713	0.148	-0.986	-0.072
888	0.437	-0.8079999999999999	-0.396	0.566117	0.437	-0.808	-0.396
889	0.591	-0.17300000000000001	-0.788	0.568935	0.591	-0.173	-0.788
890	-0.07200000000000001	0.14800000000000002	-0.9859999999999999	0.566713	-0.072	0.148	-0.986
891	-0.635	-0.289	-0.716	0.567781	-0.635	-0.289	-0.716
892	0.131	0.055999999999999994	0.99	0.609234	0.131	0.056	0.99
893	0.49	0.43999999999999995	0.752	0.610143	0.49	0.44	0.752
894	0.17200000000000001	0.849	0.499	0.611783	0.172	0.849	0.499
895	-0.384	0.718	0.58	0.610853	-0.384	0.718	0.58
896	-0.409	0.22799999999999998	0.8829999999999999	0.611085	-0.409	0.228	0.883
897	-0.17200000000000001	-0.849	0.499	0.611783	-0.172	-0.849	0.499
898	0.384	-0.718	0.58	0.610853	0.384	-0.718	0.58
899	0.8829999999999999	-0.409	0.22799999999999998	0.611085	0.883	-0.409	0.228
900	0.99	0.131	0.055999999999999994	0.609234	0.99	0.131	0.056
901	0.718	0.58	-0.384	0.610853	0.718	0.58	-0.384
902	0.22799999999999998	0.8829999999999999	-0.409	0.611085	0.228	0.883	-0.409
903	-0.43999999999999995	0.752	-0.49	0.610143	-0.44	0.752	-0.49
904	-0.849	0.499	-0.17200000000000001	0.611783	-0.849	0.499	-0.172
905	-0.99	-0.131	0.055999999999999994	0.609234	-0.99	-0.131	0.056
906	-0.752	-0.49	0.43999999999999995	0.610143	-0.752	-0.49	0.44
907	0.055999999999999994	-0.99	-0.131	0.609234	0.056	-0.99	-0.131
908	0.43999999999999995	-0.752	-0.49	0.610143	0.44	-0.752	-0.49
909	0.499	-0.17200000000000001	-0.849	0.611783	0.499	-0.172	-0.849
910	-0.131	0.055999999999999994	-0.99	0.609234	-0.131	0.056	-0.99
911	-0.58	-0.384	-0.718	0.610853	-0.58	-0.384	-0.718
912	0.191	-0.041	0.981	0.634735	0.191	-0.041	0.981
913	0.583	0.437	0.685	0.633438	0.583	0.437	0.685
914	0.169	0.9019999999999999	0.39799999999999996	0.632984	0.169	0.902	0.398
915	-0.478	0.711	0.516	0.632857	-0.478	0.711	0.516
916	-0.46499999999999997	0.128	0.876	0.634197	-0.465	0.128	0.876
917	-0.169	-0.9019999999999999	0.39799999999999996	0.632984	-0.169	-0.902	0.398
918	0.478	-0.711	0.516	0.632857	0.478	-0.711	0.516
919	0.876	-0.46499999999999997	0.128	0.634197	0.876	-0.465	0.128
920	0.981	0.191	-0.041	0.634735	0.981	0.191	-0.041
921	0.711	0.516	-0.478	0.632857	0.711	0.516	-0.478
922	0.128	0.876	-0.46499999999999997	0.634197	0.128	0.876	-0.465
923	-0.437	0.685	-0.583	0.633438	-0.437	0.685	-0.583
924	-0.9019999999999999	0.39799999999999996	-0.169	0.632984	-0.902	0.398	-0.169
925	-0.981	-0.191	-0.041	0.634735	-0.981	-0.191	-0.041
926	-0.685	-0.583	0.437	0.633438	-0.685	-0.583	0.437
927	-0.041	-0.981	-0.191	0.634735	-0.041	-0.981	-0.191
928	0.437	-0.685	-0.583	0.633438	0.437	-0.685	-0.583
929	0.39799999999999996	-0.169	-0.9019999999999999	0.632984	0.398	-0.169	-0.902
930	-0.191	-0.041	-0.981	0.634735	-0.191	-0.041	-0.981
931	-0.516	-0.478	-0.711	0.632857	-0.516	-0.478	-0.711
932	0.249	-0.13799999999999998	0.959	0.635545	0.249	-0.138	0.959
933	0.6679999999999999	0.428	0.608	0.632987	0.668	0.428	0.608
934	0.164	0.943	0.29	0.632573	0.164	0.943	0.29
935	-0.5670000000000001	0.694	0.444	0.633977	-0.567	0.694	0.444
936	-0.514	0.026	0.857	0.633313	-0.514	0.026	0.857
937	-0.164	-0.943	0.29	0.632573	-0.164	-0.943	0.29
938	0.5670000000000001	-0.694	0.444	0.633977	0.567	-0.694	0.444
939	0.857	-0.514	0.026	0.633313	0.857	-0.514	0.026
940	0.959	0.249	-0.13799999999999998	0.635545	0.959	0.249	-0.138
941	0.694	0.444	-0.5670000000000001	0.633977	0.694	0.444	-0.567
942	0.026	0.857	-0.514	0.633313	0.026	0.857	-0.514
943	-0.428	0.608	-0.6679999999999999	0.632987	-0.428	0.608	-0.668
944	-0.943	0.29	-0.164	0.632573	-0.943	0.29	-0.164
945	-0.959	-0.249	-0.13799999999999998	0.635545	-0.959	-0.249	-0.138
946	-0.608	-0.6679999999999999	0.428	0.632987	-0.608	-0.668	0.428
947	-0.13799999999999998	-0.959	-0.249	0.635545	-0.138	-0.959	-0.249
948	0.428	-0.608	-0.6679999999999999	0.632987	0.428	-0.608	-0.668
949	0.29	-0.164	-0.943	0.632573	0.29	-0.164	-0.943
950	-0.249	-0.13799999999999998	-0.959	0.635545	-0.249	-0.138	-0.959
951	-0.444	-0.5670000000000001	-0.694	0.633977	-0.444	-0.567	-0.694
952	0.303	-0.233	0.9239999999999999	0.610672	0.303	-0.233	0.924
953	0.744	0.414	0.524	0.608445	0.744	0.414	0.524
954	0.157	0.971	0.18000000000000002	0.607685	0.157	0.971	0.18
955	-0.647	0.6679999999999999	0.367	0.608419	-0.647	0.668	0.367
956	-0.557	-0.076	0.827	0.612341	-0.557	-0.076	0.827
957	-0.157	-0.971	0.18000000000000002	0.607685	-0.157	-0.971	0.18
958	0.647	-0.6679999999999999	0.367	0.608419	0.647	-0.668	0.367
959	0.827	-0.557	-0.076	0.612341	0.827	-0.557	-0.076
960	0.9239999999999999	0.303	-0.233	0.610672	0.924	0.303	-0.233
961	0.6679999999999999	0.367	-0.647	0.608419	0.668	0.367	-0.647
962	-0.076	0.827	-0.557	0.612341	-0.076	0.827	-0.557
963	-0.414	0.524	-0.744	0.608445	-0.414	0.524	-0.744
964	-0.971	0.18000000000000002	-0.157	0.607685	-0.971	0.18	-0.157
965	-0.9239999999999999	-0.303	-0.233	0.610672	-0.924	-0.303	-0.233
966	-0.524	-0.744	0.414	0.608445	-0.524	-0.744	0.414
967	-0.233	-0.9239999999999999	-0.303	0.610672	-0.233	-0.924	-0.303
968	0.414	-0.524	-0.744	0.608445	0.414	-0.524	-0.744
969	0.18000000000000002	-0.157	-0.971	0.607685	0.18	-0.157	-0.971
970	-0.303	-0.233	-0.9239999999999999	0.610672	-0.303	-0.233	-0.924
971	-0.367	-0.647	-0.6679999999999999	0.608419	-0.367	-0.647	-0.668
972	0.351	-0.321	0.8799999999999999	0.566002	0.351	-0.321	0.88
973	0.8079999999999999	0.396	0.437	0.566117	0.808	0.396	0.437
974	0.14800000000000002	0.9859999999999999	0.07200000000000001	0.566713	0.148	0.986	0.072
975	-0.716	0.635	0.289	0.567781	-0.716	0.635	0.289
976	-0.591	-0.17300000000000001	0.788	0.568935	-0.591	-0.173	0.788
977	-0.14800000000000002	-0.9859999999999999	0.07200000000000001	0.566713	-0.148	-0.986	0.072
978	0.716	-0.635	0.289	0.567781	0.716	-0.635	0.289
979	0.788	-0.591	-0.17300000000000001	0.568935	0.788	-0.591	-0.173
980	0.8799999999999999	0.351	-0.321	0.566002	0.88	0.351	-0.321
981	0.635	0.289	-0.716	0.567781	0.635	0.289	-0.716
982	-0.17300000000000001	0.788	-0.591	0.568935	-0.173	0.788	-0.591
983	-0.396	0.437	-0.8079999999999999	0.566117	-0.396	0.437	-0.808
984	-0.9859999999999999	0.07200000000000001	-0.14800000000000002	0.566713	-0.986	0.072	-0.148
985	-0.8799999999999999	-0.351	-0.321	0.566002	-0.88	-0.351	-0.321
986	-0.437	-0.8079999999999999	0.396	0.566117	-0.437	-0.808	0.396
987	-0.321	-0.8799999999999999	-0.351	0.566002	-0.321	-0.88	-0.351
988	0.396	-0.437	-0.8079999999999999	0.566117	0.396	-0.437	-0.808
989	0.07200000000000001	-0.14800000000000002	-0.9859999999999999	0.566713	0.072	-0.148	-0.986
990	-0.351	-0.321	-0.8799999999999999	0.566002	-0.351	-0.321	-0.88
991	-0.289	-0.716	-0.635	0.567781	-0.289	-0.716	-0.635
992	0.024	0.049	0.999	0.571851	0.024	0.049	0.999
993	0.46699999999999997	0.35200000000000004	0.8109999999999999	0.570347	0.467	0.352	0.811
994	0.265	0.8049999999999999	0.532	0.571017	0.265	0.805	0.532
995	-0.303	0.781	0.5459999999999999	0.571197	-0.303	0.781	0.546
996	-0.452	0.314	0.835	0.570463	-0.452	0.314	0.835
997	-0.265	-0.8049999999999999	0.532	0.571017	-0.265	-0.805	0.532
998	0.303	-0.781	0.5459999999999999	0.571197	0.303	-0.781	0.546
999	0.835	-0.452	0.314	0.570463	0.835	-0.452	0.314
1000	0.999	0.024	0.049	0.571851	0.999	0.024	0.049
1001	0.781	0.5459999999999999	-0.303	0.571197	0.781	0.546	-0.303
1002	0.314	0.835	-0.452	0.570463	0.314	0.835	-0.452
1003	-0.35200000000000004	0.8109999999999999	-0.46699999999999997	0.570347	-0.352	0.811	-0.467
1004	-0.8049999999999999	0.532	-0.265	0.571017	-0.805	0.532	-0.265
1005	-0.999	-0.024	0.049	0.571851	-0.999	-0.024	0.049
1006	-0.8109999999999999	-0.46699999999999997	0.35200000000000004	0.570347	-0.811	-0.467	0.352
1007	0.049	-0.999	-0.024	0.571851	0.049	-0.999	-0.024
1008	0.35200000000000004	-0.8109999999999999	-0.46699999999999997	0.570347	0.352	-0.811	-0.467
1009	0.532	-0.265	-0.8049999999999999	0.571017	0.532	-0.265	-0.805
1010	-0.024	0.049	-0.999	0.571851	-0.024	0.049	-0.999
1011	-0.5459999999999999	-0.303	-0.781	0.571197	-0.546	-0.303	-0.781
1012	0.081	-0.045000000000000005	0.996	0.58827	0.081	-0.045	0.996
1013	0.5589999999999999	0.351	0.751	0.589526	0.559	0.351	0.751
1014	0.265	0.86	0.437	0.587637	0.265	0.86	0.437
1015	-0.396	0.779	0.486	0.586874	-0.396	0.779	0.486
1016	-0.509	0.21999999999999997	0.832	0.585867	-0.509	0.22	0.832
1017	-0.265	-0.86	0.437	0.587637	-0.265	-0.86	0.437
1018	0.396	-0.779	0.486	0.586874	0.396	-0.779	0.486
1019	0.832	-0.509	0.21999999999999997	0.585867	0.832	-0.509	0.22
1020	0.996	0.081	-0.045000000000000005	0.58827	0.996	0.081	-0.045
1021	0.779	0.486	-0.396	0.586874	0.779	0.486	-0.396
1022	0.21999999999999997	0.832	-0.509	0.585867	0.22	0.832	-0.509
1023	-0.351	0.751	-0.5589999999999999	0.589526	-0.351	0.751	-0.559
1024	-0.86	0.437	-0.265	0.587637	-0.86	0.437	-0.265
1025	-0.996	-0.081	-0.045000000000000005	0.58827	-0.996	-0.081	-0.045
1026	-0.751	-0.5589999999999999	0.351	0.589526	-0.751	-0.559	0.351
1027	-0.045000000000000005	-0.996	-0.081	0.58827	-0.045	-0.996	-0.081
1028	0.351	-0.751	-0.5589999999999999	0.589526	0.351	-0.751	-0.559
1029	0.437	-0.265	-0.86	0.587637	0.437	-0.265	-0.86
1030	-0.081	-0.045000000000000005	-0.996	0.58827	-0.081	-0.045	-0.996
1031	-0.486	-0.396	-0.779	0.586874	-0.486	-0.396	-0.779
1032	0.13799999999999998	-0.14100000000000001	0.98	0.597753	0.138	-0.141	0.98
1033	0.647	0.34400000000000003	0.6799999999999999	0.597087	0.647	0.344	0.68
1034	0.261	0.906	0.33399999999999996	0.600522	0.261	0.906	0.334
1035	-0.48500000000000004	0.767	0.419	0.596029	-0.485	0.767	0.419
1036	-0.5609999999999999	0.121	0.819	0.597411	-0.561	0.121	0.819
1037	-0.261	-0.906	0.33399999999999996	0.600522	-0.261	-0.906	0.334
1038	0.48500000000000004	-0.767	0.419	0.596029	0.485	-0.767	0.419
1039	0.819	-0.5609999999999999	0.121	0.597411	0.819	-0.561	0.121
1040	0.98	0.13799999999999998	-0.14100000000000001	0.597753	0.98	0.138	-0.141
1041	0.767	0.419	-0.48500000000000004	0.596029	0.767	0.419	-0.485
1042	0.121	0.819	-0.5609999999999999	0.597411	0.121	0.819	-0.561
1043	-0.34400000000000003	0.6799999999999999	-0.647	0.597087	-0.344	0.68	-0.647
1044	-0.906	0.33399999999999996	-0.261	0.600522	-0.906	0.334	-0.261
1045	-0.98	-0.13799999999999998	-0.14100000000000001	0.597753	-0.98	-0.138	-0.141
1046	-0.6799999999999999	-0.647	0.34400000000000003	0.597087	-0.68	-0.647	0.344
1047	-0.14100000000000001	-0.98	-0.13799999999999998	0.597753	-0.141	-0.98	-0.138
1048	0.34400000000000003	-0.6799999999999999	-0.647	0.597087	0.344	-0.68	-0.647
1049	0.33399999999999996	-0.261	-0.906	0.600522	0.334	-0.261	-0.906
1050	-0.13799999999999998	-0.14100000000000001	-0.98	0.597753	-0.138	-0.141	-0.98
1051	-0.419	-0.48500000000000004	-0.767	0.596029	-0.419	-0.485	-0.767
1052	0.194	-0.235	0.952	0.588304	0.194	-0.235	0.952
1053	0.726	0.33399999999999996	0.601	0.587477	0.726	0.334	0.601
1054	0.255	0.94	0.226	0.586651	0.255	0.94	0.226
1055	-0.569	0.746	0.34600000000000003	0.587227	-0.569	0.746	0.346
1056	-0.606	0.02	0.795	0.587644	-0.606	0.02	0.795
1057	-0.255	-0.94	0.226	0.586651	-0.255	-0.94	0.226
1058	0.569	-0.746	0.34600000000000003	0.587227	0.569	-0.746	0.346
1059	0.795	-0.606	0.02	0.587644	0.795	-0.606	0.02
1060	0.952	0.194	-0.235	0.588304	0.952	0.194	-0.235
1061	0.746	0.34600000000000003	-0.569	0.587227	0.746	0.346	-0.569
1062	0.02	0.795	-0.606	0.587644	0.02	0.795	-0.606
1063	-0.33399999999999996	0.601	-0.726	0.587477	-0.334	0.601	-0.726
1064	-0.94	0.226	-0.255	0.586651	-0.94	0.226	-0.255
1065	-0.952	-0.194	-0.235	0.588304	-0.952	-0.194	-0.235
1066	-0.601	-0.726	0.33399999999999996	0.587477	-0.601	-0.726	0.334
1067	-0.235	-0.952	-0.194	0.588304	-0.235	-0.952	-0.194
1068	0.33399999999999996	-0.601	-0.726	0.587477	0.334	-0.601	-0.726
1069	0.226	-0.255	-0.94	0.586651	0.226	-0.255	-0.94
1070	-0.194	-0.235	-0.952	0.588304	-0.194	-0.235	-0.952
1071	-0.34600000000000003	-0.569	-0.746	0.587227	-0.346	-0.569	-0.746
1072	0.246	-0.324	0.914	0.556658	0.246	-0.324	0.914
1073	0.795	0.32	0.516	0.555299	0.795	0.32	0.516
1074	0.245	0.962	0.119	0.555521	0.245	0.962	0.119
1075	-0.643	0.716	0.271	0.553886	-0.643	0.716	0.271
1076	-0.643	-0.078	0.762	0.554376	-0.643	-0.078	0.762
1077	-0.245	-0.962	0.119	0.555521	-0.245	-0.962	0.119
1078	0.643	-0.716	0.271	0.553886	0.643	-0.716	0.271
1079	0.762	-0.643	-0.078	0.554376	0.762	-0.643	-0.078
1080	0.914	0.246	-0.324	0.556658	0.914	0.246	-0.324
1081	0.716	0.271	-0.643	0.553886	0.716	0.271	-0.643
1082	-0.078	0.762	-0.643	0.554376	-0.078	0.762	-0.643
1083	-0.32	0.516	-0.795	0.555299	-0.32	0.516	-0.795
1084	-0.962	0.119	-0.245	0.555521	-0.962	0.119	-0.245
1085	-0.914	-0.246	-0.324	0.556658	-0.914	-0.246	-0.324
1086	-0.516	-0.795	0.32	0.555299	-0.516	-0.795	0.32
1087	-0.324	-0.914	-0.246	0.556658	-0.324	-0.914	-0.246
1088	0.32	-0.516	-0.795	0.555299	0.32	-0.516	-0.795
1089	0.119	-0.245	-0.962	0.555521	0.119	-0.245	-0.962
1090	-0.246	-0.324	-0.914	0.556658	-0.246	-0.324	-0.914
1091	-0.271	-0.643	-0.716	0.553886	-0.271	-0.643	-0.716
1092	0.293	-0.405	0.866	0.524614	0.293	-0.405	0.866
1093	0.851	0.302	0.43	0.527089	0.851	0.302	0.43
1094	0.233	0.972	0.015	0.52728	0.233	0.972	0.015
1095	-0.7070000000000001	0.6799999999999999	0.196	0.526273	-0.707	0.68	0.196
1096	-0.67	-0.17099999999999999	0.722	0.525462	-0.67	-0.171	0.722
1097	-0.233	-0.972	0.015	0.52728	-0.233	-0.972	0.015
1098	0.7070000000000001	-0.6799999999999999	0.196	0.526273	0.707	-0.68	0.196
1099	0.722	-0.67	-0.17099999999999999	0.525462	0.722	-0.67	-0.171
1100	0.866	0.293	-0.405	0.524614	0.866	0.293	-0.405
1101	0.6799999999999999	0.196	-0.7070000000000001	0.526273	0.68	0.196	-0.707
1102	-0.17099999999999999	0.722	-0.67	0.525462	-0.171	0.722	-0.67
1103	-0.302	0.43	-0.851	0.527089	-0.302	0.43	-0.851
1104	-0.972	0.015	-0.233	0.52728	-0.972	0.015	-0.233
1105	-0.866	-0.293	-0.405	0.524614	-0.866	-0.293	-0.405
1106	-0.43	-0.851	0.302	0.527089	-0.43	-0.851	0.302
1107	-0.405	-0.866	-0.293	0.524614	-0.405	-0.866	-0.293
1108	0.302	-0.43	-0.851	0.527089	0.302	-0.43	-0.851
1109	0.015	-0.233	-0.972	0.52728	0.015	-0.233	-0.972
1110	-0.293	-0.405	-0.866	0.524614	-0.293	-0.405	-0.866
1111	-0.196	-0.7070000000000001	-0.6799999999999999	0.526273	-0.196	-0.707	-0.68
1112	0.032	-0.14100000000000001	0.989	0.555954	0.032	-0.141	0.989
1113	0.619	0.261	0.741	0.555961	0.619	0.261	0.741
1114	0.351	0.86	0.371	0.558165	0.351	0.86	0.371
1115	-0.402	0.828	0.38999999999999996	0.553569	-0.402	0.828	0.39
1116	-0.599	0.21	0.773	0.557219	-0.599	0.21	0.773
1117	-0.351	-0.86	0.371	0.558165	-0.351	-0.86	0.371
1118	0.402	-0.828	0.38999999999999996	0.553569	0.402	-0.828	0.39
1119	0.773	-0.599	0.21	0.557219	0.773	-0.599	0.21
1120	0.989	0.032	-0.14100000000000001	0.555954	0.989	0.032	-0.141
1121	0.828	0.38999999999999996	-0.402	0.553569	0.828	0.39	-0.402
1122	0.21	0.773	-0.599	0.557219	0.21	0.773	-0.599
1123	-0.261	0.741	-0.619	0.555961	-0.261	0.741	-0.619
1124	-0.86	0.371	-0.351	0.558165	-0.86	0.371	-0.351
1125	-0.989	-0.032	-0.14100000000000001	0.555954	-0.989	-0.032	-0.141
1126	-0.741	-0.619	0.261	0.555961	-0.741	-0.619	0.261
1127	-0.14100000000000001	-0.989	-0.032	0.555954	-0.141	-0.989	-0.032
1128	0.261	-0.741	-0.619	0.555961	0.261	-0.741	-0.619
1129	0.371	-0.351	-0.86	0.558165	0.371	-0.351	-0.86
1130	-0.032	-0.14100000000000001	-0.989	0.555954	-0.032	-0.141	-0.989
1131	-0.38999999999999996	-0.402	-0.828	0.553569	-0.39	-0.402	-0.828
1132	0.087	-0.23399999999999999	0.968	0.544647	0.087	-0.234	0.968
1133	0.7	0.252	0.6679999999999999	0.546208	0.7	0.252	0.668
1134	0.34600000000000003	0.8989999999999999	0.26799999999999996	0.547746	0.346	0.899	0.268
1135	-0.486	0.8119999999999999	0.322	0.545784	-0.486	0.812	0.322
1136	-0.647	0.11199999999999999	0.7549999999999999	0.548215	-0.647	0.112	0.755
1137	-0.34600000000000003	-0.8989999999999999	0.26799999999999996	0.547746	-0.346	-0.899	0.268
1138	0.486	-0.8119999999999999	0.322	0.545784	0.486	-0.812	0.322
1139	0.7549999999999999	-0.647	0.11199999999999999	0.548215	0.755	-0.647	0.112
1140	0.968	0.087	-0.23399999999999999	0.544647	0.968	0.087	-0.234
1141	0.8119999999999999	0.322	-0.486	0.545784	0.812	0.322	-0.486
1142	0.11199999999999999	0.7549999999999999	-0.647	0.548215	0.112	0.755	-0.647
1143	-0.252	0.6679999999999999	-0.7	0.546208	-0.252	0.668	-0.7
1144	-0.8989999999999999	0.26799999999999996	-0.34600000000000003	0.547746	-0.899	0.268	-0.346
1145	-0.968	-0.087	-0.23399999999999999	0.544647	-0.968	-0.087	-0.234
1146	-0.6679999999999999	-0.7	0.252	0.546208	-0.668	-0.7	0.252
1147	-0.23399999999999999	-0.968	-0.087	0.544647	-0.234	-0.968	-0.087
1148	0.252	-0.6679999999999999	-0.7	0.546208	0.252	-0.668	-0.7
1149	0.26799999999999996	-0.34600000000000003	-0.8989999999999999	0.547746	0.268	-0.346	-0.899
1150	-0.087	-0.23399999999999999	-0.968	0.544647	-0.087	-0.234	-0.968
1151	-0.322	-0.486	-0.8119999999999999	0.545784	-0.322	-0.486	-0.812
1152	0.14	-0.32299999999999995	0.9359999999999999	0.527026	0.14	-0.323	0.936
1153	0.772	0.24100000000000002	0.587	0.528609	0.772	0.241	0.587
1154	0.33699999999999997	0.9269999999999999	0.164	0.526045	0.337	0.927	0.164
1155	-0.5640000000000001	0.7869999999999999	0.25	0.527457	-0.564	0.787	0.25
1156	-0.6859999999999999	0.013999999999999999	0.728	0.525128	-0.686	0.014	0.728
1157	-0.33699999999999997	-0.9269999999999999	0.164	0.526045	-0.337	-0.927	0.164
1158	0.5640000000000001	-0.7869999999999999	0.25	0.527457	0.564	-0.787	0.25
1159	0.728	-0.6859999999999999	0.013999999999999999	0.525128	0.728	-0.686	0.014
1160	0.9359999999999999	0.14	-0.32299999999999995	0.527026	0.936	0.14	-0.323
1161	0.7869999999999999	0.25	-0.5640000000000001	0.527457	0.787	0.25	-0.564
1162	0.013999999999999999	0.728	-0.6859999999999999	0.525128	0.014	0.728	-0.686
1163	-0.24100000000000002	0.587	-0.772	0.528609	-0.241	0.587	-0.772
1164	-0.9269999999999999	0.164	-0.33699999999999997	0.526045	-0.927	0.164	-0.337
1165	-0.9359999999999999	-0.14	-0.32299999999999995	0.527026	-0.936	-0.14	-0.323
1166	-0.587	-0.772	0.24100000000000002	0.528609	-0.587	-0.772	0.241
1167	-0.32299999999999995	-0.9359999999999999	-0.14	0.527026	-0.323	-0.936	-0.14
1168	0.24100000000000002	-0.587	-0.772	0.528609	0.241	-0.587	-0.772
1169	0.164	-0.33699999999999997	-0.9269999999999999	0.526045	0.164	-0.337	-0.927
1170	-0.14	-0.32299999999999995	-0.9359999999999999	0.527026	-0.14	-0.323	-0.936
1171	-0.25	-0.5640000000000001	-0.7869999999999999	0.527457	-0.25	-0.564	-0.787
1172	0.19	-0.405	0.894	0.492407	0.19	-0.405	0.894
1173	0.833	0.22799999999999998	0.503	0.493459	0.833	0.228	0.503
1174	0.325	0.944	0.061	0.495683	0.325	0.944	0.061
1175	-0.6329999999999999	0.753	0.179	0.493964	-0.633	0.753	0.179
1176	-0.716	-0.08	0.694	0.490242	-0.716	-0.08	0.694
1177	-0.325	-0.944	0.061	0.495683	-0.325	-0.944	0.061
1178	0.6329999999999999	-0.753	0.179	0.493964	0.633	-0.753	0.179
1179	0.694	-0.716	-0.08	0.490242	0.694	-0.716	-0.08
1180	0.894	0.19	-0.405	0.492407	0.894	0.19	-0.405
1181	0.753	0.179	-0.6329999999999999	0.493964	0.753	0.179	-0.633
1182	-0.08	0.694	-0.716	0.490242	-0.08	0.694	-0.716
1183	-0.22799999999999998	0.503	-0.833	0.493459	-0.228	0.503	-0.833
1184	-0.944	0.061	-0.325	0.495683	-0.944	0.061	-0.325
1185	-0.894	-0.19	-0.405	0.492407	-0.894	-0.19	-0.405
1186	-0.503	-0.833	0.22799999999999998	0.493459	-0.503	-0.833	0.228
1187	-0.405	-0.894	-0.19	0.492407	-0.405	-0.894	-0.19
1188	0.22799999999999998	-0.503	-0.833	0.493459	0.228	-0.503	-0.833
1189	0.061	-0.325	-0.944	0.495683	0.061	-0.325	-0.944
1190	-0.19	-0.405	-0.894	0.492407	-0.19	-0.405	-0.894
1191	-0.179	-0.6329999999999999	-0.753	0.493964	-0.179	-0.633	-0.753
1192	0.038	-0.31799999999999995	0.947	0.488794	0.038	-0.318	0.947
1193	0.743	0.164	0.6489999999999999	0.488128	0.743	0.164	0.649
1194	0.42100000000000004	0.884	0.204	0.48889	0.421	0.884	0.204
1195	-0.48200000000000004	0.846	0.22799999999999998	0.487289	-0.482	0.846	0.228
1196	-0.719	0.103	0.6869999999999999	0.488857	-0.719	0.103	0.687
1197	-0.42100000000000004	-0.884	0.204	0.48889	-0.421	-0.884	0.204
1198	0.48200000000000004	-0.846	0.22799999999999998	0.487289	0.482	-0.846	0.228
1199	0.6869999999999999	-0.719	0.103	0.488857	0.687	-0.719	0.103
1200	0.947	0.038	-0.31799999999999995	0.488794	0.947	0.038	-0.318
1201	0.846	0.22799999999999998	-0.48200000000000004	0.487289	0.846	0.228	-0.482
1202	0.103	0.6869999999999999	-0.719	0.488857	0.103	0.687	-0.719
1203	-0.164	0.6489999999999999	-0.743	0.488128	-0.164	0.649	-0.743
1204	-0.884	0.204	-0.42100000000000004	0.48889	-0.884	0.204	-0.421
1205	-0.947	-0.038	-0.31799999999999995	0.488794	-0.947	-0.038	-0.318
1206	-0.6489999999999999	-0.743	0.164	0.488128	-0.649	-0.743	0.164
1207	-0.31799999999999995	-0.947	-0.038	0.488794	-0.318	-0.947	-0.038
1208	0.164	-0.6489999999999999	-0.743	0.488128	0.164	-0.649	-0.743
1209	0.204	-0.42100000000000004	-0.884	0.48889	0.204	-0.421	-0.884
1210	-0.038	-0.31799999999999995	-0.947	0.488794	-0.038	-0.318	-0.947
1211	-0.22799999999999998	-0.48200000000000004	-0.846	0.487289	-0.228	-0.482	-0.846
1212	0.089	-0.40099999999999997	0.9119999999999999	0.459634	0.089	-0.401	0.912
1213	0.8079999999999999	0.154	0.569	0.461228	0.808	0.154	0.569
1214	0.41000000000000003	0.906	0.104	0.459547	0.41	0.906	0.104
1215	-0.554	0.8170000000000001	0.16	0.463499	-0.554	0.817	0.16
1216	-0.752	0.009000000000000001	0.659	0.460938	-0.752	0.009	0.659
1217	-0.41000000000000003	-0.906	0.104	0.459547	-0.41	-0.906	0.104
1218	0.554	-0.8170000000000001	0.16	0.463499	0.554	-0.817	0.16
1219	0.659	-0.752	0.009000000000000001	0.460938	0.659	-0.752	0.009
1220	0.9119999999999999	0.089	-0.40099999999999997	0.459634	0.912	0.089	-0.401
1221	0.8170000000000001	0.16	-0.554	0.463499	0.817	0.16	-0.554
1222	0.009000000000000001	0.659	-0.752	0.460938	0.009	0.659	-0.752
1223	-0.154	0.569	-0.8079999999999999	0.461228	-0.154	0.569	-0.808
1224	-0.906	0.104	-0.41000000000000003	0.459547	-0.906	0.104	-0.41
1225	-0.9119999999999999	-0.089	-0.40099999999999997	0.459634	-0.912	-0.089	-0.401
1226	-0.569	-0.8079999999999999	0.154	0.461228	-0.569	-0.808	0.154
1227	-0.40099999999999997	-0.9119999999999999	-0.089	0.459634	-0.401	-0.912	-0.089
1228	0.154	-0.569	-0.8079999999999999	0.461228	0.154	-0.569	-0.808
1229	0.104	-0.41000000000000003	-0.906	0.459547	0.104	-0.41	-0.906
1230	-0.089	-0.40099999999999997	-0.9119999999999999	0.459634	-0.089	-0.401	-0.912
1231	-0.16	-0.554	-0.8170000000000001	0.463499	-0.16	-0.554	-0.817
1232	0.13799999999999998	-0.475	0.869	0.440445	0.138	-0.475	0.869
1233	0.862	0.142	0.487	0.440173	0.862	0.142	0.487
1234	0.39499999999999996	0.919	0.006999999999999999	0.440038	0.395	0.919	0.007
1235	-0.618	0.781	0.092	0.445837	-0.618	0.781	0.092
1236	-0.776	-0.081	0.625	0.441597	-0.776	-0.081	0.625
1237	-0.39499999999999996	-0.919	0.006999999999999999	0.440038	-0.395	-0.919	0.007
1238	0.618	-0.781	0.092	0.445837	0.618	-0.781	0.092
1239	0.625	-0.776	-0.081	0.441597	0.625	-0.776	-0.081
1240	0.869	0.13799999999999998	-0.475	0.440445	0.869	0.138	-0.475
1241	0.781	0.092	-0.618	0.445837	0.781	0.092	-0.618
1242	-0.081	0.625	-0.776	0.441597	-0.081	0.625	-0.776
1243	-0.142	0.487	-0.862	0.440173	-0.142	0.487	-0.862
1244	-0.919	0.006999999999999999	-0.39499999999999996	0.440038	-0.919	0.007	-0.395
1245	-0.869	-0.13799999999999998	-0.475	0.440445	-0.869	-0.138	-0.475
1246	-0.487	-0.862	0.142	0.440173	-0.487	-0.862	0.142
1247	-0.475	-0.869	-0.13799999999999998	0.440445	-0.475	-0.869	-0.138
1248	0.142	-0.487	-0.862	0.440173	0.142	-0.487	-0.862
1249	0.006999999999999999	-0.39499999999999996	-0.919	0.440038	0.007	-0.395	-0.919
1250	-0.13799999999999998	-0.475	-0.869	0.440445	-0.138	-0.475	-0.869
1251	-0.092	-0.618	-0.781	0.445837	-0.092	-0.618	-0.781
1252	0.042	-0.46799999999999997	0.8829999999999999	0.396757	0.042	-0.468	0.883
1253	0.833	0.073	0.548	0.397845	0.833	0.073	0.548
1254	0.472	0.8799999999999999	0.05	0.395319	0.472	0.88	0.05
1255	-0.541	0.838	0.076	0.399998	-0.541	0.838	0.076
1256	-0.807	0.004	0.591	0.398985	-0.807	0.004	0.591
1257	-0.472	-0.8799999999999999	0.05	0.395319	-0.472	-0.88	0.05
1258	0.541	-0.838	0.076	0.399998	0.541	-0.838	0.076
1259	0.591	-0.807	0.004	0.398985	0.591	-0.807	0.004
1260	0.8829999999999999	0.042	-0.46799999999999997	0.396757	0.883	0.042	-0.468
1261	0.838	0.076	-0.541	0.399998	0.838	0.076	-0.541
1262	0.004	0.591	-0.807	0.398985	0.004	0.591	-0.807
1263	-0.073	0.548	-0.833	0.397845	-0.073	0.548	-0.833
1264	-0.8799999999999999	0.05	-0.472	0.395319	-0.88	0.05	-0.472
1265	-0.8829999999999999	-0.042	-0.46799999999999997	0.396757	-0.883	-0.042	-0.468
1266	-0.548	-0.833	0.073	0.397845	-0.548	-0.833	0.073
1267	-0.46799999999999997	-0.8829999999999999	-0.042	0.396757	-0.468	-0.883	-0.042
1268	0.073	-0.548	-0.833	0.397845	0.073	-0.548	-0.833
1269	0.05	-0.472	-0.8799999999999999	0.395319	0.05	-0.472	-0.88
1270	-0.042	-0.46799999999999997	-0.8829999999999999	0.396757	-0.042	-0.468	-0.883
1271	-0.076	-0.541	-0.838	0.399998	-0.076	-0.541	-0.838