0	0.851	0.	0.526	0.323697	0.851	0.	0.526
1	0.526	0.851	0.	0.323697	0.526	0.851	0.
2	-0.526	0.851	0.	0.323697	-0.526	0.851	0.
3	-0.851	0.	0.526	0.323697	-0.851	0.	0.526
4	0.	-0.526	0.851	0.323697	0.	-0.526	0.851
5	0.526	-0.851	0.	0.323697	0.526	-0.851	0.
6	0.851	0.	-0.526	0.323697	0.851	0.	-0.526
7	0.	0.526	-0.851	0.323697	0.	0.526	-0.851
8	-0.851	0.	-0.526	0.323697	-0.851	0.	-0.526
9	-0.526	-0.851	0.	0.323697	-0.526	-0.851	0.
10	0.	-0.526	-0.851	0.323697	0.	-0.526	-0.851
11	0.77	0.095	0.6299999999999999	0.528137	0.77	0.095	0.63
12	0.476	0.866	0.154	0.530543	0.476	0.866	0.154
13	-0.476	0.866	0.154	0.530543	-0.476	0.866	0.154
14	-0.77	0.095	0.6299999999999999	0.528137	-0.77	0.095	0.63
15	0.	-0.381	0.9249999999999999	0.527957	0.	-0.381	0.925
16	0.476	-0.866	0.154	0.530543	0.476	-0.866	0.154
17	0.77	-0.095	0.6299999999999999	0.528137	0.77	-0.095	0.63
18	0.9249999999999999	0.	-0.381	0.527957	0.925	0.	-0.381
19	0.6299999999999999	0.77	0.095	0.528137	0.63	0.77	0.095
20	0.095	0.6299999999999999	-0.77	0.528137	0.095	0.63	-0.77
21	-0.381	0.9249999999999999	0.	0.527957	-0.381	0.925	0.
22	-0.866	0.154	-0.476	0.530543	-0.866	0.154	-0.476
23	-0.866	0.154	0.476	0.530543	-0.866	0.154	0.476
24	-0.6299999999999999	-0.77	0.095	0.528137	-0.63	-0.77	0.095
25	-0.154	-0.476	0.866	0.530543	-0.154	-0.476	0.866
26	0.095	-0.6299999999999999	-0.77	0.528137	0.095	-0.63	-0.77
27	0.866	-0.154	-0.476	0.530543	0.866	-0.154	-0.476
28	0.154	0.476	-0.866	0.530543	0.154	0.476	-0.866
29	-0.77	0.095	-0.6299999999999999	0.528137	-0.77	0.095	-0.63
30	-0.6299999999999999	-0.77	-0.095	0.528137	-0.63	-0.77	-0.095
31	0.8029999999999999	0.	0.596	0.476059	0.803	0.	0.596
32	0.5459999999999999	0.834	0.081	0.476807	0.546	0.834	0.081
33	-0.46499999999999997	0.884	0.05	0.476158	-0.465	0.884	0.05
34	-0.834	0.081	0.5459999999999999	0.476807	-0.834	0.081	0.546
35	-0.05	-0.46499999999999997	0.884	0.476158	-0.05	-0.465	0.884
36	0.46499999999999997	-0.884	0.05	0.476158	0.465	-0.884	0.05
37	0.834	-0.081	0.5459999999999999	0.476807	0.834	-0.081	0.546
38	0.884	-0.05	-0.46499999999999997	0.476158	0.884	-0.05	-0.465
39	0.596	0.8029999999999999	0.	0.476059	0.596	0.803	0.
40	0.081	0.5459999999999999	-0.834	0.476807	0.081	0.546	-0.834
41	-0.46499999999999997	0.884	-0.05	0.476158	-0.465	0.884	-0.05
42	-0.834	0.081	-0.5459999999999999	0.476807	-0.834	0.081	-0.546
43	-0.884	0.05	0.46499999999999997	0.476158	-0.884	0.05	0.465
44	-0.596	-0.8029999999999999	0.	0.476059	-0.596	-0.803	0.
45	-0.081	-0.5459999999999999	0.834	0.476807	-0.081	-0.546	0.834
46	0.	-0.596	-0.8029999999999999	0.476059	0.	-0.596	-0.803
47	0.834	-0.081	-0.5459999999999999	0.476807	0.834	-0.081	-0.546
48	0.05	0.46499999999999997	-0.884	0.476158	0.05	0.465	-0.884
49	-0.8029999999999999	0.	-0.596	0.476059	-0.803	0.	-0.596
50	-0.5459999999999999	-0.834	-0.081	0.476807	-0.546	-0.834	-0.081
51	0.653	0.20199999999999999	0.73	0.634249	0.653	0.202	0.73
52	0.40399999999999997	0.855	0.32599999999999996	0.633745	0.404	0.855	0.326
53	-0.40399999999999997	0.855	0.32599999999999996	0.633745	-0.404	0.855	0.326
54	-0.653	0.20199999999999999	0.73	0.634249	-0.653	0.202	0.73
55	0.	-0.20199999999999999	0.979	0.635392	0.	-0.202	0.979
56	0.40399999999999997	-0.855	0.32599999999999996	0.633745	0.404	-0.855	0.326
57	0.653	-0.20199999999999999	0.73	0.634249	0.653	-0.202	0.73
58	0.979	0.	-0.20199999999999999	0.635392	0.979	0.	-0.202
59	0.73	0.653	0.20199999999999999	0.634249	0.73	0.653	0.202
60	0.20199999999999999	0.73	-0.653	0.634249	0.202	0.73	-0.653
61	-0.20199999999999999	0.979	0.	0.635392	-0.202	0.979	0.
62	-0.855	0.32599999999999996	-0.40399999999999997	0.633745	-0.855	0.326	-0.404
63	-0.855	0.32599999999999996	0.40399999999999997	0.633745	-0.855	0.326	0.404
64	-0.73	-0.653	0.20199999999999999	0.634249	-0.73	-0.653	0.202
65	-0.32599999999999996	-0.40399999999999997	0.855	0.633745	-0.326	-0.404	0.855
66	0.20199999999999999	-0.73	-0.653	0.634249	0.202	-0.73	-0.653
67	0.855	-0.32599999999999996	-0.40399999999999997	0.633745	0.855	-0.326	-0.404
68	0.32599999999999996	0.40399999999999997	-0.855	0.633745	0.326	0.404	-0.855
69	-0.653	0.20199999999999999	-0.73	0.634249	-0.653	0.202	-0.73
70	-0.73	-0.653	-0.20199999999999999	0.634249	-0.73	-0.653	-0.202
71	0.703	0.1	0.7040000000000001	0.593223	0.703	0.1	0.704
72	0.488	0.836	0.25	0.591742	0.488	0.836	0.25
73	-0.40099999999999997	0.89	0.216	0.591232	-0.401	0.89	0.216
74	-0.736	0.188	0.65	0.591109	-0.736	0.188	0.65
75	-0.054	-0.301	0.952	0.592311	-0.054	-0.301	0.952
76	0.40099999999999997	-0.89	0.216	0.591232	0.401	-0.89	0.216
77	0.736	-0.188	0.65	0.591109	0.736	-0.188	0.65
78	0.952	-0.054	-0.301	0.592311	0.952	-0.054	-0.301
79	0.7040000000000001	0.703	0.1	0.593223	0.704	0.703	0.1
80	0.188	0.65	-0.736	0.591109	0.188	0.65	-0.736
81	-0.301	0.952	-0.054	0.592311	-0.301	0.952	-0.054
82	-0.836	0.25	-0.488	0.591742	-0.836	0.25	-0.488
83	-0.89	0.216	0.40099999999999997	0.591232	-0.89	0.216	0.401
84	-0.7040000000000001	-0.703	0.1	0.593223	-0.704	-0.703	0.1
85	-0.25	-0.488	0.836	0.591742	-0.25	-0.488	0.836
86	0.1	-0.7040000000000001	-0.703	0.593223	0.1	-0.704	-0.703
87	0.836	-0.25	-0.488	0.591742	0.836	-0.25	-0.488
88	0.216	0.40099999999999997	-0.89	0.591232	0.216	0.401	-0.89
89	-0.703	0.1	-0.7040000000000001	0.593223	-0.703	0.1	-0.704
90	-0.65	-0.736	-0.188	0.591109	-0.65	-0.736	-0.188
91	0.742	0.	0.67	0.552673	0.742	0.	0.67
92	0.565	0.807	0.17099999999999999	0.557325	0.565	0.807	0.171
93	-0.39299999999999996	0.913	0.106	0.553999	-0.393	0.913	0.106
94	-0.807	0.17099999999999999	0.565	0.557325	-0.807	0.171	0.565
95	-0.106	-0.39299999999999996	0.913	0.553999	-0.106	-0.393	0.913
96	0.39299999999999996	-0.913	0.106	0.553999	0.393	-0.913	0.106
97	0.807	-0.17099999999999999	0.565	0.557325	0.807	-0.171	0.565
98	0.913	-0.106	-0.39299999999999996	0.553999	0.913	-0.106	-0.393
99	0.67	0.742	0.	0.552673	0.67	0.742	0.
100	0.17099999999999999	0.565	-0.807	0.557325	0.171	0.565	-0.807
101	-0.39299999999999996	0.913	-0.106	0.553999	-0.393	0.913	-0.106
102	-0.807	0.17099999999999999	-0.565	0.557325	-0.807	0.171	-0.565
103	-0.913	0.106	0.39299999999999996	0.553999	-0.913	0.106	0.393
104	-0.67	-0.742	0.	0.552673	-0.67	-0.742	0.
105	-0.17099999999999999	-0.565	0.807	0.557325	-0.171	-0.565	0.807
106	0.	-0.67	-0.742	0.552673	0.	-0.67	-0.742
107	0.807	-0.17099999999999999	-0.565	0.557325	0.807	-0.171	-0.565
108	0.106	0.39299999999999996	-0.913	0.553999	0.106	0.393	-0.913
109	-0.742	0.	-0.67	0.552673	-0.742	0.	-0.67
110	-0.565	-0.807	-0.17099999999999999	0.557325	-0.565	-0.807	-0.171
111	0.381	-0.9249999999999999	0.	0.527957	0.381	-0.925	0.
112	0.866	-0.154	0.476	0.530543	0.866	-0.154	0.476
113	0.6299999999999999	0.77	-0.095	0.528137	0.63	0.77	-0.095
114	-0.476	0.866	-0.154	0.530543	-0.476	0.866	-0.154
115	-0.9249999999999999	0.	0.381	0.527957	-0.925	0.	0.381
116	-0.095	-0.6299999999999999	0.77	0.528137	-0.095	-0.63	0.77
117	-0.095	-0.6299999999999999	-0.77	0.528137	-0.095	-0.63	-0.77
118	0.77	-0.095	-0.6299999999999999	0.528137	0.77	-0.095	-0.63
119	0.	0.381	-0.9249999999999999	0.527957	0.	0.381	-0.925
120	-0.77	-0.095	-0.6299999999999999	0.528137	-0.77	-0.095	-0.63
121	-0.476	-0.866	-0.154	0.530543	-0.476	-0.866	-0.154
122	0.5	0.309	0.8089999999999999	0.672763	0.5	0.309	0.809
123	0.309	0.8089999999999999	0.5	0.672763	0.309	0.809	0.5
124	-0.309	0.8089999999999999	0.5	0.672763	-0.309	0.809	0.5
125	-0.5	0.309	0.8089999999999999	0.672763	-0.5	0.309	0.809
126	0.	0.	1.	0.668491	0.	0.	1.
127	0.309	-0.8089999999999999	0.5	0.672763	0.309	-0.809	0.5
128	0.5	-0.309	0.8089999999999999	0.672763	0.5	-0.309	0.809
129	1.	0.	0.	0.668491	1.	0.	0.
130	0.8089999999999999	0.5	0.309	0.672763	0.809	0.5	0.309
131	0.309	0.8089999999999999	-0.5	0.672763	0.309	0.809	-0.5
132	0.	1.	0.	0.668491	0.	1.	0.
133	-0.8089999999999999	0.5	-0.309	0.672763	-0.809	0.5	-0.309
134	-0.8089999999999999	0.5	0.309	0.672763	-0.809	0.5	0.309
135	-0.8089999999999999	-0.5	0.309	0.672763	-0.809	-0.5	0.309
136	-0.5	-0.309	0.8089999999999999	0.672763	-0.5	-0.309	0.809
137	0.309	-0.8089999999999999	-0.5	0.672763	0.309	-0.809	-0.5
138	0.8089999999999999	-0.5	-0.309	0.672763	0.809	-0.5	-0.309
139	0.5	0.309	-0.8089999999999999	0.672763	0.5	0.309	-0.809
140	-0.5	0.309	-0.8089999999999999	0.672763	-0.5	0.309	-0.809
141	-0.8089999999999999	-0.5	-0.309	0.672763	-0.809	-0.5	-0.309
142	0.5640000000000001	0.209	0.7989999999999999	0.669502	0.564	0.209	0.799
143	0.405	0.807	0.429	0.671464	0.405	0.807	0.429
144	-0.313	0.864	0.39499999999999996	0.671943	-0.313	0.864	0.395
145	-0.5980000000000001	0.3	0.743	0.670622	-0.598	0.3	0.743
146	-0.055999999999999994	-0.104	0.993	0.669438	-0.056	-0.104	0.993
147	0.313	-0.864	0.39499999999999996	0.671943	0.313	-0.864	0.395
148	0.5980000000000001	-0.3	0.743	0.670622	0.598	-0.3	0.743
149	0.993	-0.055999999999999994	-0.104	0.669438	0.993	-0.056	-0.104
150	0.7989999999999999	0.5640000000000001	0.209	0.669502	0.799	0.564	0.209
151	0.3	0.743	-0.5980000000000001	0.670622	0.3	0.743	-0.598
152	-0.104	0.993	-0.055999999999999994	0.669438	-0.104	0.993	-0.056
153	-0.807	0.429	-0.405	0.671464	-0.807	0.429	-0.405
154	-0.864	0.39499999999999996	0.313	0.671943	-0.864	0.395	0.313
155	-0.7989999999999999	-0.5640000000000001	0.209	0.669502	-0.799	-0.564	0.209
156	-0.429	-0.405	0.807	0.671464	-0.429	-0.405	0.807
157	0.209	-0.7989999999999999	-0.5640000000000001	0.669502	0.209	-0.799	-0.564
158	0.807	-0.429	-0.405	0.671464	0.807	-0.429	-0.405
159	0.39499999999999996	0.313	-0.864	0.671943	0.395	0.313	-0.864
160	-0.5640000000000001	0.209	-0.7989999999999999	0.669502	-0.564	0.209	-0.799
161	-0.743	-0.5980000000000001	-0.3	0.670622	-0.743	-0.598	-0.3
162	0.62	0.104	0.778	0.667277	0.62	0.104	0.778
163	0.496	0.794	0.351	0.66349	0.496	0.794	0.351
164	-0.313	0.907	0.28200000000000003	0.665368	-0.313	0.907	0.282
165	-0.69	0.287	0.6649999999999999	0.666338	-0.69	0.287	0.665
166	-0.113	-0.209	0.971	0.667927	-0.113	-0.209	0.971
167	0.313	-0.907	0.28200000000000003	0.665368	0.313	-0.907	0.282
168	0.69	-0.287	0.6649999999999999	0.666338	0.69	-0.287	0.665
169	0.971	-0.113	-0.209	0.667927	0.971	-0.113	-0.209
170	0.778	0.62	0.104	0.667277	0.778	0.62	0.104
171	0.287	0.6649999999999999	-0.69	0.666338	0.287	0.665	-0.69
172	-0.209	0.971	-0.113	0.667927	-0.209	0.971	-0.113
173	-0.794	0.351	-0.496	0.66349	-0.794	0.351	-0.496
174	-0.907	0.28200000000000003	0.313	0.665368	-0.907	0.282	0.313
175	-0.778	-0.62	0.104	0.667277	-0.778	-0.62	0.104
176	-0.351	-0.496	0.794	0.66349	-0.351	-0.496	0.794
177	0.104	-0.778	-0.62	0.667277	0.104	-0.778	-0.62
178	0.794	-0.351	-0.496	0.66349	0.794	-0.351	-0.496
179	0.28200000000000003	0.313	-0.907	0.665368	0.282	0.313	-0.907
180	-0.62	0.104	-0.778	0.667277	-0.62	0.104	-0.778
181	-0.6649999999999999	-0.69	-0.287	0.666338	-0.665	-0.69	-0.287
182	0.667	0.	0.745	0.638396	0.667	0.	0.745
183	0.5790000000000001	0.77	0.26999999999999996	0.636585	0.579	0.77	0.27
184	-0.309	0.9359999999999999	0.16699999999999998	0.638304	-0.309	0.936	0.167
185	-0.77	0.26999999999999996	0.5790000000000001	0.636585	-0.77	0.27	0.579
186	-0.16699999999999998	-0.309	0.9359999999999999	0.638304	-0.167	-0.309	0.936
187	0.309	-0.9359999999999999	0.16699999999999998	0.638304	0.309	-0.936	0.167
188	0.77	-0.26999999999999996	0.5790000000000001	0.636585	0.77	-0.27	0.579
189	0.9359999999999999	-0.16699999999999998	-0.309	0.638304	0.936	-0.167	-0.309
190	0.745	0.667	0.	0.638396	0.745	0.667	0.
191	0.26999999999999996	0.5790000000000001	-0.77	0.636585	0.27	0.579	-0.77
192	-0.309	0.9359999999999999	-0.16699999999999998	0.638304	-0.309	0.936	-0.167
193	-0.77	0.26999999999999996	-0.5790000000000001	0.636585	-0.77	0.27	-0.579
194	-0.9359999999999999	0.16699999999999998	0.309	0.638304	-0.936	0.167	0.309
195	-0.745	-0.667	0.	0.638396	-0.745	-0.667	0.
196	-0.26999999999999996	-0.5790000000000001	0.77	0.636585	-0.27	-0.579	0.77
197	0.	-0.745	-0.667	0.638396	0.	-0.745	-0.667
198	0.77	-0.26999999999999996	-0.5790000000000001	0.636585	0.77	-0.27	-0.579
199	0.16699999999999998	0.309	-0.9359999999999999	0.638304	0.167	0.309	-0.936
200	-0.667	0.	-0.745	0.638396	-0.667	0.	-0.745
201	-0.5790000000000001	-0.77	-0.26999999999999996	0.636585	-0.579	-0.77	-0.27
202	0.703	-0.1	0.7040000000000001	0.593223	0.703	-0.1	0.704
203	0.65	0.736	0.188	0.591109	0.65	0.736	0.188
204	-0.301	0.952	0.054	0.592311	-0.301	0.952	0.054
205	-0.836	0.25	0.488	0.591742	-0.836	0.25	0.488
206	-0.216	-0.40099999999999997	0.89	0.591232	-0.216	-0.401	0.89
207	0.301	-0.952	0.054	0.592311	0.301	-0.952	0.054
208	0.836	-0.25	0.488	0.591742	0.836	-0.25	0.488
209	0.89	-0.216	-0.40099999999999997	0.591232	0.89	-0.216	-0.401
210	0.7040000000000001	0.703	-0.1	0.593223	0.704	0.703	-0.1
211	0.25	0.488	-0.836	0.591742	0.25	0.488	-0.836
212	-0.40099999999999997	0.89	-0.216	0.591232	-0.401	0.89	-0.216
213	-0.736	0.188	-0.65	0.591109	-0.736	0.188	-0.65
214	-0.952	0.054	0.301	0.592311	-0.952	0.054	0.301
215	-0.7040000000000001	-0.703	-0.1	0.593223	-0.704	-0.703	-0.1
216	-0.188	-0.65	0.736	0.591109	-0.188	-0.65	0.736
217	-0.1	-0.7040000000000001	-0.703	0.593223	-0.1	-0.704	-0.703
218	0.736	-0.188	-0.65	0.591109	0.736	-0.188	-0.65
219	0.054	0.301	-0.952	0.592311	0.054	0.301	-0.952
220	-0.703	-0.1	-0.7040000000000001	0.593223	-0.703	-0.1	-0.704
221	-0.488	-0.836	-0.25	0.591742	-0.488	-0.836	-0.25
222	0.32599999999999996	0.40399999999999997	0.855	0.633745	0.326	0.404	0.855
223	0.20199999999999999	0.73	0.653	0.634249	0.202	0.73	0.653
224	-0.20199999999999999	0.73	0.653	0.634249	-0.202	0.73	0.653
225	-0.32599999999999996	0.40399999999999997	0.855	0.633745	-0.326	0.404	0.855
226	0.	0.20199999999999999	0.979	0.635392	0.	0.202	0.979
227	0.20199999999999999	-0.73	0.653	0.634249	0.202	-0.73	0.653
228	0.32599999999999996	-0.40399999999999997	0.855	0.633745	0.326	-0.404	0.855
229	0.979	0.	0.20199999999999999	0.635392	0.979	0.	0.202
230	0.855	0.32599999999999996	0.40399999999999997	0.633745	0.855	0.326	0.404
231	0.40399999999999997	0.855	-0.32599999999999996	0.633745	0.404	0.855	-0.326
232	0.20199999999999999	0.979	0.	0.635392	0.202	0.979	0.
233	-0.73	0.653	-0.20199999999999999	0.634249	-0.73	0.653	-0.202
234	-0.73	0.653	0.20199999999999999	0.634249	-0.73	0.653	0.202
235	-0.855	-0.32599999999999996	0.40399999999999997	0.633745	-0.855	-0.326	0.404
236	-0.653	-0.20199999999999999	0.73	0.634249	-0.653	-0.202	0.73
237	0.40399999999999997	-0.855	-0.32599999999999996	0.633745	0.404	-0.855	-0.326
238	0.73	-0.653	-0.20199999999999999	0.634249	0.73	-0.653	-0.202
239	0.653	0.20199999999999999	-0.73	0.634249	0.653	0.202	-0.73
240	-0.32599999999999996	0.40399999999999997	-0.855	0.633745	-0.326	0.404	-0.855
241	-0.855	-0.32599999999999996	-0.40399999999999997	0.633745	-0.855	-0.326	-0.404
242	0.39499999999999996	0.313	0.864	0.671943	0.395	0.313	0.864
243	0.3	0.743	0.5980000000000001	0.670622	0.3	0.743	0.598
244	-0.209	0.7989999999999999	0.5640000000000001	0.669502	-0.209	0.799	0.564
245	-0.429	0.405	0.807	0.671464	-0.429	0.405	0.807
246	-0.055999999999999994	0.104	0.993	0.669438	-0.056	0.104	0.993
247	0.209	-0.7989999999999999	0.5640000000000001	0.669502	0.209	-0.799	0.564
248	0.429	-0.405	0.807	0.671464	0.429	-0.405	0.807
249	0.993	-0.055999999999999994	0.104	0.669438	0.993	-0.056	0.104
250	0.864	0.39499999999999996	0.313	0.671943	0.864	0.395	0.313
251	0.405	0.807	-0.429	0.671464	0.405	0.807	-0.429
252	0.104	0.993	-0.055999999999999994	0.669438	0.104	0.993	-0.056
253	-0.743	0.5980000000000001	-0.3	0.670622	-0.743	0.598	-0.3
254	-0.7989999999999999	0.5640000000000001	0.209	0.669502	-0.799	0.564	0.209
255	-0.864	-0.39499999999999996	0.313	0.671943	-0.864	-0.395	0.313
256	-0.5980000000000001	-0.3	0.743	0.670622	-0.598	-0.3	0.743
257	0.313	-0.864	-0.39499999999999996	0.671943	0.313	-0.864	-0.395
258	0.743	-0.5980000000000001	-0.3	0.670622	0.743	-0.598	-0.3
259	0.5640000000000001	0.209	-0.7989999999999999	0.669502	0.564	0.209	-0.799
260	-0.39499999999999996	0.313	-0.864	0.671943	-0.395	0.313	-0.864
261	-0.807	-0.429	-0.405	0.671464	-0.807	-0.429	-0.405
262	0.461	0.214	0.8609999999999999	0.711038	0.461	0.214	0.861
263	0.4	0.746	0.532	0.71036	0.4	0.746	0.532
264	-0.214	0.8609999999999999	0.461	0.711038	-0.214	0.861	0.461
265	-0.532	0.4	0.746	0.71036	-0.532	0.4	0.746
266	-0.115	0.	0.993	0.710249	-0.115	0.	0.993
267	0.214	-0.8609999999999999	0.461	0.711038	0.214	-0.861	0.461
268	0.532	-0.4	0.746	0.71036	0.532	-0.4	0.746
269	0.993	-0.115	0.	0.710249	0.993	-0.115	0.
270	0.8609999999999999	0.461	0.214	0.711038	0.861	0.461	0.214
271	0.4	0.746	-0.532	0.71036	0.4	0.746	-0.532
272	0.	0.993	-0.115	0.710249	0.	0.993	-0.115
273	-0.746	0.532	-0.4	0.71036	-0.746	0.532	-0.4
274	-0.8609999999999999	0.461	0.214	0.711038	-0.861	0.461	0.214
275	-0.8609999999999999	-0.461	0.214	0.711038	-0.861	-0.461	0.214
276	-0.532	-0.4	0.746	0.71036	-0.532	-0.4	0.746
277	0.214	-0.8609999999999999	-0.461	0.711038	0.214	-0.861	-0.461
278	0.746	-0.532	-0.4	0.71036	0.746	-0.532	-0.4
279	0.461	0.214	-0.8609999999999999	0.711038	0.461	0.214	-0.861
280	-0.461	0.214	-0.8609999999999999	0.711038	-0.461	0.214	-0.861
281	-0.746	-0.532	-0.4	0.71036	-0.746	-0.532	-0.4
282	0.523	0.108	0.846	0.727577	0.523	0.108	0.846
283	0.497	0.738	0.45599999999999996	0.72829	0.497	0.738	0.456
284	-0.215	0.9119999999999999	0.348	0.72527	-0.215	0.912	0.348
285	-0.6299999999999999	0.38999999999999996	0.6709999999999999	0.726391	-0.63	0.39	0.671
286	-0.174	-0.108	0.979	0.72883	-0.174	-0.108	0.979
287	0.215	-0.9119999999999999	0.348	0.72527	0.215	-0.912	0.348
288	0.6299999999999999	-0.38999999999999996	0.6709999999999999	0.726391	0.63	-0.39	0.671
289	0.979	-0.174	-0.108	0.72883	0.979	-0.174	-0.108
290	0.846	0.523	0.108	0.727577	0.846	0.523	0.108
291	0.38999999999999996	0.6709999999999999	-0.6299999999999999	0.726391	0.39	0.671	-0.63
292	-0.108	0.979	-0.174	0.72883	-0.108	0.979	-0.174
293	-0.738	0.45599999999999996	-0.497	0.72829	-0.738	0.456	-0.497
294	-0.9119999999999999	0.348	0.215	0.72527	-0.912	0.348	0.215
295	-0.846	-0.523	0.108	0.727577	-0.846	-0.523	0.108
296	-0.45599999999999996	-0.497	0.738	0.72829	-0.456	-0.497	0.738
297	0.108	-0.846	-0.523	0.727577	0.108	-0.846	-0.523
298	0.738	-0.45599999999999996	-0.497	0.72829	0.738	-0.456	-0.497
299	0.348	0.215	-0.9119999999999999	0.72527	0.348	0.215	-0.912
300	-0.523	0.108	-0.846	0.727577	-0.523	0.108	-0.846
301	-0.6709999999999999	-0.6299999999999999	-0.38999999999999996	0.726391	-0.671	-0.63	-0.39
302	0.5760000000000001	0.	0.8170000000000001	0.710716	0.576	0.	0.817
303	0.587	0.719	0.373	0.710139	0.587	0.719	0.373
304	-0.214	0.949	0.23099999999999998	0.708645	-0.214	0.949	0.231
305	-0.719	0.373	0.587	0.710139	-0.719	0.373	0.587
306	-0.23099999999999998	-0.214	0.949	0.708645	-0.231	-0.214	0.949
307	0.214	-0.949	0.23099999999999998	0.708645	0.214	-0.949	0.231
308	0.719	-0.373	0.587	0.710139	0.719	-0.373	0.587
309	0.949	-0.23099999999999998	-0.214	0.708645	0.949	-0.231	-0.214
310	0.8170000000000001	0.5760000000000001	0.	0.710716	0.817	0.576	0.
311	0.373	0.587	-0.719	0.710139	0.373	0.587	-0.719
312	-0.214	0.949	-0.23099999999999998	0.708645	-0.214	0.949	-0.231
313	-0.719	0.373	-0.587	0.710139	-0.719	0.373	-0.587
314	-0.949	0.23099999999999998	0.214	0.708645	-0.949	0.231	0.214
315	-0.8170000000000001	-0.5760000000000001	0.	0.710716	-0.817	-0.576	0.
316	-0.373	-0.587	0.719	0.710139	-0.373	-0.587	0.719
317	0.	-0.8170000000000001	-0.5760000000000001	0.710716	0.	-0.817	-0.576
318	0.719	-0.373	-0.587	0.710139	0.719	-0.373	-0.587
319	0.23099999999999998	0.214	-0.949	0.708645	0.231	0.214	-0.949
320	-0.5760000000000001	0.	-0.8170000000000001	0.710716	-0.576	0.	-0.817
321	-0.587	-0.719	-0.373	0.710139	-0.587	-0.719	-0.373
322	0.62	-0.104	0.778	0.667277	0.62	-0.104	0.778
323	0.6649999999999999	0.69	0.287	0.666338	0.665	0.69	0.287
324	-0.209	0.971	0.113	0.667927	-0.209	0.971	0.113
325	-0.794	0.351	0.496	0.66349	-0.794	0.351	0.496
326	-0.28200000000000003	-0.313	0.907	0.665368	-0.282	-0.313	0.907
327	0.209	-0.971	0.113	0.667927	0.209	-0.971	0.113
328	0.794	-0.351	0.496	0.66349	0.794	-0.351	0.496
329	0.907	-0.28200000000000003	-0.313	0.665368	0.907	-0.282	-0.313
330	0.778	0.62	-0.104	0.667277	0.778	0.62	-0.104
331	0.351	0.496	-0.794	0.66349	0.351	0.496	-0.794
332	-0.313	0.907	-0.28200000000000003	0.665368	-0.313	0.907	-0.282
333	-0.69	0.287	-0.6649999999999999	0.666338	-0.69	0.287	-0.665
334	-0.971	0.113	0.209	0.667927	-0.971	0.113	0.209
335	-0.778	-0.62	-0.104	0.667277	-0.778	-0.62	-0.104
336	-0.287	-0.6649999999999999	0.69	0.666338	-0.287	-0.665	0.69
337	-0.104	-0.778	-0.62	0.667277	-0.104	-0.778	-0.62
338	0.69	-0.287	-0.6649999999999999	0.666338	0.69	-0.287	-0.665
339	0.113	0.209	-0.971	0.667927	0.113	0.209	-0.971
340	-0.62	-0.104	-0.778	0.667277	-0.62	-0.104	-0.778
341	-0.496	-0.794	-0.351	0.66349	-0.496	-0.794	-0.351
342	0.20199999999999999	-0.979	0.	0.635392	0.202	-0.979	0.
343	0.855	-0.32599999999999996	0.40399999999999997	0.633745	0.855	-0.326	0.404
344	0.73	0.653	-0.20199999999999999	0.634249	0.73	0.653	-0.202
345	-0.40399999999999997	0.855	-0.32599999999999996	0.633745	-0.404	0.855	-0.326
346	-0.979	0.	0.20199999999999999	0.635392	-0.979	0.	0.202
347	-0.20199999999999999	-0.73	0.653	0.634249	-0.202	-0.73	0.653
348	-0.20199999999999999	-0.73	-0.653	0.634249	-0.202	-0.73	-0.653
349	0.653	-0.20199999999999999	-0.73	0.634249	0.653	-0.202	-0.73
350	0.	0.20199999999999999	-0.979	0.635392	0.	0.202	-0.979
351	-0.653	-0.20199999999999999	-0.73	0.634249	-0.653	-0.202	-0.73
352	-0.40399999999999997	-0.855	-0.32599999999999996	0.633745	-0.404	-0.855	-0.326
353	0.154	0.476	0.866	0.530543	0.154	0.476	0.866
354	0.095	0.6299999999999999	0.77	0.528137	0.095	0.63	0.77
355	-0.095	0.6299999999999999	0.77	0.528137	-0.095	0.63	0.77
356	-0.154	0.476	0.866	0.530543	-0.154	0.476	0.866
357	0.	0.381	0.9249999999999999	0.527957	0.	0.381	0.925
358	0.095	-0.6299999999999999	0.77	0.528137	0.095	-0.63	0.77
359	0.154	-0.476	0.866	0.530543	0.154	-0.476	0.866
360	0.9249999999999999	0.	0.381	0.527957	0.925	0.	0.381
361	0.866	0.154	0.476	0.530543	0.866	0.154	0.476
362	0.476	0.866	-0.154	0.530543	0.476	0.866	-0.154
363	0.381	0.9249999999999999	0.	0.527957	0.381	0.925	0.
364	-0.6299999999999999	0.77	-0.095	0.528137	-0.63	0.77	-0.095
365	-0.6299999999999999	0.77	0.095	0.528137	-0.63	0.77	0.095
366	-0.866	-0.154	0.476	0.530543	-0.866	-0.154	0.476
367	-0.77	-0.095	0.6299999999999999	0.528137	-0.77	-0.095	0.63
368	0.476	-0.866	-0.154	0.530543	0.476	-0.866	-0.154
369	0.6299999999999999	-0.77	-0.095	0.528137	0.63	-0.77	-0.095
370	0.77	0.095	-0.6299999999999999	0.528137	0.77	0.095	-0.63
371	-0.154	0.476	-0.866	0.530543	-0.154	0.476	-0.866
372	-0.866	-0.154	-0.476	0.530543	-0.866	-0.154	-0.476
373	0.216	0.40099999999999997	0.89	0.591232	0.216	0.401	0.89
374	0.188	0.65	0.736	0.591109	0.188	0.65	0.736
375	-0.1	0.7040000000000001	0.703	0.593223	-0.1	0.704	0.703
376	-0.25	0.488	0.836	0.591742	-0.25	0.488	0.836
377	-0.054	0.301	0.952	0.592311	-0.054	0.301	0.952
378	0.1	-0.7040000000000001	0.703	0.593223	0.1	-0.704	0.703
379	0.25	-0.488	0.836	0.591742	0.25	-0.488	0.836
380	0.952	-0.054	0.301	0.592311	0.952	-0.054	0.301
381	0.89	0.216	0.40099999999999997	0.591232	0.89	0.216	0.401
382	0.488	0.836	-0.25	0.591742	0.488	0.836	-0.25
383	0.301	0.952	-0.054	0.592311	0.301	0.952	-0.054
384	-0.65	0.736	-0.188	0.591109	-0.65	0.736	-0.188
385	-0.7040000000000001	0.703	0.1	0.593223	-0.704	0.703	0.1
386	-0.89	-0.216	0.40099999999999997	0.591232	-0.89	-0.216	0.401
387	-0.736	-0.188	0.65	0.591109	-0.736	-0.188	0.65
388	0.40099999999999997	-0.89	-0.216	0.591232	0.401	-0.89	-0.216
389	0.65	-0.736	-0.188	0.591109	0.65	-0.736	-0.188
390	0.703	0.1	-0.7040000000000001	0.593223	0.703	0.1	-0.704
391	-0.216	0.40099999999999997	-0.89	0.591232	-0.216	0.401	-0.89
392	-0.836	-0.25	-0.488	0.591742	-0.836	-0.25	-0.488
393	0.28200000000000003	0.313	0.907	0.665368	0.282	0.313	0.907
394	0.287	0.6649999999999999	0.69	0.666338	0.287	0.665	0.69
395	-0.104	0.778	0.62	0.667277	-0.104	0.778	0.62
396	-0.351	0.496	0.794	0.66349	-0.351	0.496	0.794
397	-0.113	0.209	0.971	0.667927	-0.113	0.209	0.971
398	0.104	-0.778	0.62	0.667277	0.104	-0.778	0.62
399	0.351	-0.496	0.794	0.66349	0.351	-0.496	0.794
400	0.971	-0.113	0.209	0.667927	0.971	-0.113	0.209
401	0.907	0.28200000000000003	0.313	0.665368	0.907	0.282	0.313
402	0.496	0.794	-0.351	0.66349	0.496	0.794	-0.351
403	0.209	0.971	-0.113	0.667927	0.209	0.971	-0.113
404	-0.6649999999999999	0.69	-0.287	0.666338	-0.665	0.69	-0.287
405	-0.778	0.62	0.104	0.667277	-0.778	0.62	0.104
406	-0.907	-0.28200000000000003	0.313	0.665368	-0.907	-0.282	0.313
407	-0.69	-0.287	0.6649999999999999	0.666338	-0.69	-0.287	0.665
408	0.313	-0.907	-0.28200000000000003	0.665368	0.313	-0.907	-0.282
409	0.6649999999999999	-0.69	-0.287	0.666338	0.665	-0.69	-0.287
410	0.62	0.104	-0.778	0.667277	0.62	0.104	-0.778
411	-0.28200000000000003	0.313	-0.907	0.665368	-0.282	0.313	-0.907
412	-0.794	-0.351	-0.496	0.66349	-0.794	-0.351	-0.496
413	0.348	0.215	0.9119999999999999	0.72527	0.348	0.215	0.912
414	0.38999999999999996	0.6709999999999999	0.6299999999999999	0.726391	0.39	0.671	0.63
415	-0.108	0.846	0.523	0.727577	-0.108	0.846	0.523
416	-0.45599999999999996	0.497	0.738	0.72829	-0.456	0.497	0.738
417	-0.174	0.108	0.979	0.72883	-0.174	0.108	0.979
418	0.108	-0.846	0.523	0.727577	0.108	-0.846	0.523
419	0.45599999999999996	-0.497	0.738	0.72829	0.456	-0.497	0.738
420	0.979	-0.174	0.108	0.72883	0.979	-0.174	0.108
421	0.9119999999999999	0.348	0.215	0.72527	0.912	0.348	0.215
422	0.497	0.738	-0.45599999999999996	0.72829	0.497	0.738	-0.456
423	0.108	0.979	-0.174	0.72883	0.108	0.979	-0.174
424	-0.6709999999999999	0.6299999999999999	-0.38999999999999996	0.726391	-0.671	0.63	-0.39
425	-0.846	0.523	0.108	0.727577	-0.846	0.523	0.108
426	-0.9119999999999999	-0.348	0.215	0.72527	-0.912	-0.348	0.215
427	-0.6299999999999999	-0.38999999999999996	0.6709999999999999	0.726391	-0.63	-0.39	0.671
428	0.215	-0.9119999999999999	-0.348	0.72527	0.215	-0.912	-0.348
429	0.6709999999999999	-0.6299999999999999	-0.38999999999999996	0.726391	0.671	-0.63	-0.39
430	0.523	0.108	-0.846	0.727577	0.523	0.108	-0.846
431	-0.348	0.215	-0.9119999999999999	0.72527	-0.348	0.215	-0.912
432	-0.738	-0.45599999999999996	-0.497	0.72829	-0.738	-0.456	-0.497
433	0.41300000000000003	0.109	0.904	0.761203	0.413	0.109	0.904
434	0.491	0.6679999999999999	0.5589999999999999	0.760514	0.491	0.668	0.559
435	-0.109	0.904	0.41300000000000003	0.761203	-0.109	0.904	0.413
436	-0.5589999999999999	0.491	0.6679999999999999	0.760514	-0.559	0.491	0.668
437	-0.236	0.	0.972	0.762548	-0.236	0.	0.972
438	0.109	-0.904	0.41300000000000003	0.761203	0.109	-0.904	0.413
439	0.5589999999999999	-0.491	0.6679999999999999	0.760514	0.559	-0.491	0.668
440	0.972	-0.236	0.	0.762548	0.972	-0.236	0.
441	0.904	0.41300000000000003	0.109	0.761203	0.904	0.413	0.109
442	0.491	0.6679999999999999	-0.5589999999999999	0.760514	0.491	0.668	-0.559
443	0.	0.972	-0.236	0.762548	0.	0.972	-0.236
444	-0.6679999999999999	0.5589999999999999	-0.491	0.760514	-0.668	0.559	-0.491
445	-0.904	0.41300000000000003	0.109	0.761203	-0.904	0.413	0.109
446	-0.904	-0.41300000000000003	0.109	0.761203	-0.904	-0.413	0.109
447	-0.5589999999999999	-0.491	0.6679999999999999	0.760514	-0.559	-0.491	0.668
448	0.109	-0.904	-0.41300000000000003	0.761203	0.109	-0.904	-0.413
449	0.6679999999999999	-0.5589999999999999	-0.491	0.760514	0.668	-0.559	-0.491
450	0.41300000000000003	0.109	-0.904	0.761203	0.413	0.109	-0.904
451	-0.41300000000000003	0.109	-0.904	0.761203	-0.413	0.109	-0.904
452	-0.6679999999999999	-0.5589999999999999	-0.491	0.760514	-0.668	-0.559	-0.491
453	0.472	0.	0.882	0.760294	0.472	0.	0.882
454	0.587	0.654	0.47700000000000004	0.760327	0.587	0.654	0.477
455	-0.109	0.949	0.295	0.761114	-0.109	0.949	0.295
456	-0.654	0.47700000000000004	0.587	0.760327	-0.654	0.477	0.587
457	-0.295	-0.109	0.949	0.761114	-0.295	-0.109	0.949
458	0.109	-0.949	0.295	0.761114	0.109	-0.949	0.295
459	0.654	-0.47700000000000004	0.587	0.760327	0.654	-0.477	0.587
460	0.949	-0.295	-0.109	0.761114	0.949	-0.295	-0.109
461	0.882	0.472	0.	0.760294	0.882	0.472	0.
462	0.47700000000000004	0.587	-0.654	0.760327	0.477	0.587	-0.654
463	-0.109	0.949	-0.295	0.761114	-0.109	0.949	-0.295
464	-0.654	0.47700000000000004	-0.587	0.760327	-0.654	0.477	-0.587
465	-0.949	0.295	0.109	0.761114	-0.949	0.295	0.109
466	-0.882	-0.472	0.	0.760294	-0.882	-0.472	0.
467	-0.47700000000000004	-0.587	0.654	0.760327	-0.477	-0.587	0.654
468	0.	-0.882	-0.472	0.760294	0.	-0.882	-0.472
469	0.654	-0.47700000000000004	-0.587	0.760327	0.654	-0.477	-0.587
470	0.295	0.109	-0.949	0.761114	0.295	0.109	-0.949
471	-0.472	0.	-0.882	0.760294	-0.472	0.	-0.882
472	-0.587	-0.654	-0.47700000000000004	0.760327	-0.587	-0.654	-0.477
473	0.523	-0.108	0.846	0.727577	0.523	-0.108	0.846
474	0.6709999999999999	0.6299999999999999	0.38999999999999996	0.726391	0.671	0.63	0.39
475	-0.108	0.979	0.174	0.72883	-0.108	0.979	0.174
476	-0.738	0.45599999999999996	0.497	0.72829	-0.738	0.456	0.497
477	-0.348	-0.215	0.9119999999999999	0.72527	-0.348	-0.215	0.912
478	0.108	-0.979	0.174	0.72883	0.108	-0.979	0.174
479	0.738	-0.45599999999999996	0.497	0.72829	0.738	-0.456	0.497
480	0.9119999999999999	-0.348	-0.215	0.72527	0.912	-0.348	-0.215
481	0.846	0.523	-0.108	0.727577	0.846	0.523	-0.108
482	0.45599999999999996	0.497	-0.738	0.72829	0.456	0.497	-0.738
483	-0.215	0.9119999999999999	-0.348	0.72527	-0.215	0.912	-0.348
484	-0.6299999999999999	0.38999999999999996	-0.6709999999999999	0.726391	-0.63	0.39	-0.671
485	-0.979	0.174	0.108	0.72883	-0.979	0.174	0.108
486	-0.846	-0.523	-0.108	0.727577	-0.846	-0.523	-0.108
487	-0.38999999999999996	-0.6709999999999999	0.6299999999999999	0.726391	-0.39	-0.671	0.63
488	-0.108	-0.846	-0.523	0.727577	-0.108	-0.846	-0.523
489	0.6299999999999999	-0.38999999999999996	-0.6709999999999999	0.726391	0.63	-0.39	-0.671
490	0.174	0.108	-0.979	0.72883	0.174	0.108	-0.979
491	-0.523	-0.108	-0.846	0.727577	-0.523	-0.108	-0.846
492	-0.497	-0.738	-0.45599999999999996	0.72829	-0.497	-0.738	-0.456
493	0.5640000000000001	-0.209	0.7989999999999999	0.669502	0.564	-0.209	0.799
494	0.743	0.5980000000000001	0.3	0.670622	0.743	0.598	0.3
495	-0.104	0.993	0.055999999999999994	0.669438	-0.104	0.993	0.056
496	-0.807	0.429	0.405	0.671464	-0.807	0.429	0.405
497	-0.39499999999999996	-0.313	0.864	0.671943	-0.395	-0.313	0.864
498	0.104	-0.993	0.055999999999999994	0.669438	0.104	-0.993	0.056
499	0.807	-0.429	0.405	0.671464	0.807	-0.429	0.405
500	0.864	-0.39499999999999996	-0.313	0.671943	0.864	-0.395	-0.313
501	0.7989999999999999	0.5640000000000001	-0.209	0.669502	0.799	0.564	-0.209
502	0.429	0.405	-0.807	0.671464	0.429	0.405	-0.807
503	-0.313	0.864	-0.39499999999999996	0.671943	-0.313	0.864	-0.395
504	-0.5980000000000001	0.3	-0.743	0.670622	-0.598	0.3	-0.743
505	-0.993	0.055999999999999994	0.104	0.669438	-0.993	0.056	0.104
506	-0.7989999999999999	-0.5640000000000001	-0.209	0.669502	-0.799	-0.564	-0.209
507	-0.3	-0.743	0.5980000000000001	0.670622	-0.3	-0.743	0.598
508	-0.209	-0.7989999999999999	-0.5640000000000001	0.669502	-0.209	-0.799	-0.564
509	0.5980000000000001	-0.3	-0.743	0.670622	0.598	-0.3	-0.743
510	0.055999999999999994	0.104	-0.993	0.669438	0.056	0.104	-0.993
511	-0.5640000000000001	-0.209	-0.7989999999999999	0.669502	-0.564	-0.209	-0.799
512	-0.405	-0.807	-0.429	0.671464	-0.405	-0.807	-0.429
513	0.	0.526	0.851	0.323697	0.	0.526	0.851
514	0.05	0.46499999999999997	0.884	0.476158	0.05	0.465	0.884
515	0.081	0.5459999999999999	0.834	0.476807	0.081	0.546	0.834
516	0.	0.596	0.8029999999999999	0.476059	0.	0.596	0.803
517	-0.081	0.5459999999999999	0.834	0.476807	-0.081	0.546	0.834
518	-0.05	0.46499999999999997	0.884	0.476158	-0.05	0.465	0.884
519	0.	-0.596	0.8029999999999999	0.476059	0.	-0.596	0.803
520	0.081	-0.5459999999999999	0.834	0.476807	0.081	-0.546	0.834
521	0.884	-0.05	0.46499999999999997	0.476158	0.884	-0.05	0.465
522	0.884	0.05	0.46499999999999997	0.476158	0.884	0.05	0.465
523	0.5459999999999999	0.834	-0.081	0.476807	0.546	0.834	-0.081
524	0.46499999999999997	0.884	-0.05	0.476158	0.465	0.884	-0.05
525	-0.5459999999999999	0.834	-0.081	0.476807	-0.546	0.834	-0.081
526	-0.596	0.8029999999999999	0.	0.476059	-0.596	0.803	0.
527	-0.884	-0.05	0.46499999999999997	0.476158	-0.884	-0.05	0.465
528	-0.834	-0.081	0.5459999999999999	0.476807	-0.834	-0.081	0.546
529	0.46499999999999997	-0.884	-0.05	0.476158	0.465	-0.884	-0.05
530	0.5459999999999999	-0.834	-0.081	0.476807	0.546	-0.834	-0.081
531	0.8029999999999999	0.	-0.596	0.476059	0.803	0.	-0.596
532	-0.05	0.46499999999999997	-0.884	0.476158	-0.05	0.465	-0.884
533	-0.834	-0.081	-0.5459999999999999	0.476807	-0.834	-0.081	-0.546
534	0.106	0.39299999999999996	0.913	0.553999	0.106	0.393	0.913
535	0.17099999999999999	0.565	0.807	0.557325	0.171	0.565	0.807
536	0.	0.67	0.742	0.552673	0.	0.67	0.742
537	-0.17099999999999999	0.565	0.807	0.557325	-0.171	0.565	0.807
538	-0.106	0.39299999999999996	0.913	0.553999	-0.106	0.393	0.913
539	0.	-0.67	0.742	0.552673	0.	-0.67	0.742
540	0.17099999999999999	-0.565	0.807	0.557325	0.171	-0.565	0.807
541	0.913	-0.106	0.39299999999999996	0.553999	0.913	-0.106	0.393
542	0.913	0.106	0.39299999999999996	0.553999	0.913	0.106	0.393
543	0.565	0.807	-0.17099999999999999	0.557325	0.565	0.807	-0.171
544	0.39299999999999996	0.913	-0.106	0.553999	0.393	0.913	-0.106
545	-0.565	0.807	-0.17099999999999999	0.557325	-0.565	0.807	-0.171
546	-0.67	0.742	0.	0.552673	-0.67	0.742	0.
547	-0.913	-0.106	0.39299999999999996	0.553999	-0.913	-0.106	0.393
548	-0.807	-0.17099999999999999	0.565	0.557325	-0.807	-0.171	0.565
549	0.39299999999999996	-0.913	-0.106	0.553999	0.393	-0.913	-0.106
550	0.565	-0.807	-0.17099999999999999	0.557325	0.565	-0.807	-0.171
551	0.742	0.	-0.67	0.552673	0.742	0.	-0.67
552	-0.106	0.39299999999999996	-0.913	0.553999	-0.106	0.393	-0.913
553	-0.807	-0.17099999999999999	-0.565	0.557325	-0.807	-0.171	-0.565
554	0.16699999999999998	0.309	0.9359999999999999	0.638304	0.167	0.309	0.936
555	0.26999999999999996	0.5790000000000001	0.77	0.636585	0.27	0.579	0.77
556	0.	0.745	0.667	0.638396	0.	0.745	0.667
557	-0.26999999999999996	0.5790000000000001	0.77	0.636585	-0.27	0.579	0.77
558	-0.16699999999999998	0.309	0.9359999999999999	0.638304	-0.167	0.309	0.936
559	0.	-0.745	0.667	0.638396	0.	-0.745	0.667
560	0.26999999999999996	-0.5790000000000001	0.77	0.636585	0.27	-0.579	0.77
561	0.9359999999999999	-0.16699999999999998	0.309	0.638304	0.936	-0.167	0.309
562	0.9359999999999999	0.16699999999999998	0.309	0.638304	0.936	0.167	0.309
563	0.5790000000000001	0.77	-0.26999999999999996	0.636585	0.579	0.77	-0.27
564	0.309	0.9359999999999999	-0.16699999999999998	0.638304	0.309	0.936	-0.167
565	-0.5790000000000001	0.77	-0.26999999999999996	0.636585	-0.579	0.77	-0.27
566	-0.745	0.667	0.	0.638396	-0.745	0.667	0.
567	-0.9359999999999999	-0.16699999999999998	0.309	0.638304	-0.936	-0.167	0.309
568	-0.77	-0.26999999999999996	0.5790000000000001	0.636585	-0.77	-0.27	0.579
569	0.309	-0.9359999999999999	-0.16699999999999998	0.638304	0.309	-0.936	-0.167
570	0.5790000000000001	-0.77	-0.26999999999999996	0.636585	0.579	-0.77	-0.27
571	0.667	0.	-0.745	0.638396	0.667	0.	-0.745
572	-0.16699999999999998	0.309	-0.9359999999999999	0.638304	-0.167	0.309	-0.936
573	-0.77	-0.26999999999999996	-0.5790000000000001	0.636585	-0.77	-0.27	-0.579
574	0.23099999999999998	0.214	0.949	0.708645	0.231	0.214	0.949
575	0.373	0.587	0.719	0.710139	0.373	0.587	0.719
576	0.	0.8170000000000001	0.5760000000000001	0.710716	0.	0.817	0.576
577	-0.373	0.587	0.719	0.710139	-0.373	0.587	0.719
578	-0.23099999999999998	0.214	0.949	0.708645	-0.231	0.214	0.949
579	0.	-0.8170000000000001	0.5760000000000001	0.710716	0.	-0.817	0.576
580	0.373	-0.587	0.719	0.710139	0.373	-0.587	0.719
581	0.949	-0.23099999999999998	0.214	0.708645	0.949	-0.231	0.214
582	0.949	0.23099999999999998	0.214	0.708645	0.949	0.231	0.214
583	0.587	0.719	-0.373	0.710139	0.587	0.719	-0.373
584	0.214	0.949	-0.23099999999999998	0.708645	0.214	0.949	-0.231
585	-0.587	0.719	-0.373	0.710139	-0.587	0.719	-0.373
586	-0.8170000000000001	0.5760000000000001	0.	0.710716	-0.817	0.576	0.
587	-0.949	-0.23099999999999998	0.214	0.708645	-0.949	-0.231	0.214
588	-0.719	-0.373	0.587	0.710139	-0.719	-0.373	0.587
589	0.214	-0.949	-0.23099999999999998	0.708645	0.214	-0.949	-0.231
590	0.587	-0.719	-0.373	0.710139	0.587	-0.719	-0.373
591	0.5760000000000001	0.	-0.8170000000000001	0.710716	0.576	0.	-0.817
592	-0.23099999999999998	0.214	-0.949	0.708645	-0.231	0.214	-0.949
593	-0.719	-0.373	-0.587	0.710139	-0.719	-0.373	-0.587
594	0.295	0.109	0.949	0.761114	0.295	0.109	0.949
595	0.47700000000000004	0.587	0.654	0.760327	0.477	0.587	0.654
596	0.	0.882	0.472	0.760294	0.	0.882	0.472
597	-0.47700000000000004	0.587	0.654	0.760327	-0.477	0.587	0.654
598	-0.295	0.109	0.949	0.761114	-0.295	0.109	0.949
599	0.	-0.882	0.472	0.760294	0.	-0.882	0.472
600	0.47700000000000004	-0.587	0.654	0.760327	0.477	-0.587	0.654
601	0.949	-0.295	0.109	0.761114	0.949	-0.295	0.109
602	0.949	0.295	0.109	0.761114	0.949	0.295	0.109
603	0.587	0.654	-0.47700000000000004	0.760327	0.587	0.654	-0.477
604	0.109	0.949	-0.295	0.761114	0.109	0.949	-0.295
605	-0.587	0.654	-0.47700000000000004	0.760327	-0.587	0.654	-0.477
606	-0.882	0.472	0.	0.760294	-0.882	0.472	0.
607	-0.949	-0.295	0.109	0.761114	-0.949	-0.295	0.109
608	-0.654	-0.47700000000000004	0.587	0.760327	-0.654	-0.477	0.587
609	0.109	-0.949	-0.295	0.761114	0.109	-0.949	-0.295
610	0.587	-0.654	-0.47700000000000004	0.760327	0.587	-0.654	-0.477
611	0.472	0.	-0.882	0.760294	0.472	0.	-0.882
612	-0.295	0.109	-0.949	0.761114	-0.295	0.109	-0.949
613	-0.654	-0.47700000000000004	-0.587	0.760327	-0.654	-0.477	-0.587
614	0.35700000000000004	0.	0.9339999999999999	0.776351	0.357	0.	0.934
615	0.577	0.577	0.577	0.77922	0.577	0.577	0.577
616	0.	0.9339999999999999	0.35700000000000004	0.776351	0.	0.934	0.357
617	-0.577	0.577	0.577	0.77922	-0.577	0.577	0.577
618	-0.35700000000000004	0.	0.9339999999999999	0.776351	-0.357	0.	0.934
619	0.	-0.9339999999999999	0.35700000000000004	0.776351	0.	-0.934	0.357
620	0.577	-0.577	0.577	0.77922	0.577	-0.577	0.577
621	0.9339999999999999	-0.35700000000000004	0.	0.776351	0.934	-0.357	0.
622	0.9339999999999999	0.35700000000000004	0.	0.776351	0.934	0.357	0.
623	0.577	0.577	-0.577	0.77922	0.577	0.577	-0.577
624	0.	0.9339999999999999	-0.35700000000000004	0.776351	0.	0.934	-0.357
625	-0.577	0.577	-0.577	0.77922	-0.577	0.577	-0.577
626	-0.9339999999999999	0.35700000000000004	0.	0.776351	-0.934	0.357	0.
627	-0.9339999999999999	-0.35700000000000004	0.	0.776351	-0.934	-0.357	0.
628	-0.577	-0.577	0.577	0.77922	-0.577	-0.577	0.577
629	0.	-0.9339999999999999	-0.35700000000000004	0.776351	0.	-0.934	-0.357
630	0.577	-0.577	-0.577	0.77922	0.577	-0.577	-0.577
631	0.35700000000000004	0.	-0.9339999999999999	0.776351	0.357	0.	-0.934
632	-0.35700000000000004	0.	-0.9339999999999999	0.776351	-0.357	0.	-0.934
633	-0.577	-0.577	-0.577	0.77922	-0.577	-0.577	-0.577
634	0.41300000000000003	-0.109	0.904	0.761203	0.413	-0.109	0.904
635	0.6679999999999999	0.5589999999999999	0.491	0.760514	0.668	0.559	0.491
636	0.	0.972	0.236	0.762548	0.	0.972	0.236
637	-0.6679999999999999	0.5589999999999999	0.491	0.760514	-0.668	0.559	0.491
638	-0.41300000000000003	-0.109	0.904	0.761203	-0.413	-0.109	0.904
639	0.	-0.972	0.236	0.762548	0.	-0.972	0.236
640	0.6679999999999999	-0.5589999999999999	0.491	0.760514	0.668	-0.559	0.491
641	0.904	-0.41300000000000003	-0.109	0.761203	0.904	-0.413	-0.109
642	0.904	0.41300000000000003	-0.109	0.761203	0.904	0.413	-0.109
643	0.5589999999999999	0.491	-0.6679999999999999	0.760514	0.559	0.491	-0.668
644	-0.109	0.904	-0.41300000000000003	0.761203	-0.109	0.904	-0.413
645	-0.5589999999999999	0.491	-0.6679999999999999	0.760514	-0.559	0.491	-0.668
646	-0.972	0.236	0.	0.762548	-0.972	0.236	0.
647	-0.904	-0.41300000000000003	-0.109	0.761203	-0.904	-0.413	-0.109
648	-0.491	-0.6679999999999999	0.5589999999999999	0.760514	-0.491	-0.668	0.559
649	-0.109	-0.904	-0.41300000000000003	0.761203	-0.109	-0.904	-0.413
650	0.5589999999999999	-0.491	-0.6679999999999999	0.760514	0.559	-0.491	-0.668
651	0.236	0.	-0.972	0.762548	0.236	0.	-0.972
652	-0.41300000000000003	-0.109	-0.904	0.761203	-0.413	-0.109	-0.904
653	-0.491	-0.6679999999999999	-0.5589999999999999	0.760514	-0.491	-0.668	-0.559
654	0.461	-0.214	0.8609999999999999	0.711038	0.461	-0.214	0.861
655	0.746	0.532	0.4	0.71036	0.746	0.532	0.4
656	0.	0.993	0.115	0.710249	0.	0.993	0.115
657	-0.746	0.532	0.4	0.71036	-0.746	0.532	0.4
658	-0.461	-0.214	0.8609999999999999	0.711038	-0.461	-0.214	0.861
659	0.	-0.993	0.115	0.710249	0.	-0.993	0.115
660	0.746	-0.532	0.4	0.71036	0.746	-0.532	0.4
661	0.8609999999999999	-0.461	-0.214	0.711038	0.861	-0.461	-0.214
662	0.8609999999999999	0.461	-0.214	0.711038	0.861	0.461	-0.214
663	0.532	0.4	-0.746	0.71036	0.532	0.4	-0.746
664	-0.214	0.8609999999999999	-0.461	0.711038	-0.214	0.861	-0.461
665	-0.532	0.4	-0.746	0.71036	-0.532	0.4	-0.746
666	-0.993	0.115	0.	0.710249	-0.993	0.115	0.
667	-0.8609999999999999	-0.461	-0.214	0.711038	-0.861	-0.461	-0.214
668	-0.4	-0.746	0.532	0.71036	-0.4	-0.746	0.532
669	-0.214	-0.8609999999999999	-0.461	0.711038	-0.214	-0.861	-0.461
670	0.532	-0.4	-0.746	0.71036	0.532	-0.4	-0.746
671	0.115	0.	-0.993	0.710249	0.115	0.	-0.993
672	-0.461	-0.214	-0.8609999999999999	0.711038	-0.461	-0.214	-0.861
673	-0.4	-0.746	-0.532	0.71036	-0.4	-0.746	-0.532
674	0.	-1.	0.	0.668491	0.	-1.	0.
675	0.8089999999999999	-0.5	0.309	0.672763	0.809	-0.5	0.309
676	0.8089999999999999	0.5	-0.309	0.672763	0.809	0.5	-0.309
677	-0.309	0.8089999999999999	-0.5	0.672763	-0.309	0.809	-0.5
678	-1.	0.	0.	0.668491	-1.	0.	0.
679	-0.309	-0.8089999999999999	0.5	0.672763	-0.309	-0.809	0.5
680	-0.309	-0.8089999999999999	-0.5	0.672763	-0.309	-0.809	-0.5
681	0.5	-0.309	-0.8089999999999999	0.672763	0.5	-0.309	-0.809
682	0.	0.	-1.	0.668491	0.	0.	-1.
683	-0.5	-0.309	-0.8089999999999999	0.672763	-0.5	-0.309	-0.809
684	0.054	0.301	0.952	0.592311	0.054	0.301	0.952
685	0.25	0.488	0.836	0.591742	0.25	0.488	0.836
686	0.1	0.7040000000000001	0.703	0.593223	0.1	0.704	0.703
687	-0.188	0.65	0.736	0.591109	-0.188	0.65	0.736
688	-0.216	0.40099999999999997	0.89	0.591232	-0.216	0.401	0.89
689	-0.1	-0.7040000000000001	0.703	0.593223	-0.1	-0.704	0.703
690	0.188	-0.65	0.736	0.591109	0.188	-0.65	0.736
691	0.89	-0.216	0.40099999999999997	0.591232	0.89	-0.216	0.401
692	0.952	0.054	0.301	0.592311	0.952	0.054	0.301
693	0.65	0.736	-0.188	0.591109	0.65	0.736	-0.188
694	0.40099999999999997	0.89	-0.216	0.591232	0.401	0.89	-0.216
695	-0.488	0.836	-0.25	0.591742	-0.488	0.836	-0.25
696	-0.7040000000000001	0.703	-0.1	0.593223	-0.704	0.703	-0.1
697	-0.952	-0.054	0.301	0.592311	-0.952	-0.054	0.301
698	-0.836	-0.25	0.488	0.591742	-0.836	-0.25	0.488
699	0.301	-0.952	-0.054	0.592311	0.301	-0.952	-0.054
700	0.488	-0.836	-0.25	0.591742	0.488	-0.836	-0.25
701	0.703	-0.1	-0.7040000000000001	0.593223	0.703	-0.1	-0.704
702	-0.054	0.301	-0.952	0.592311	-0.054	0.301	-0.952
703	-0.736	-0.188	-0.65	0.591109	-0.736	-0.188	-0.65
704	0.113	0.209	0.971	0.667927	0.113	0.209	0.971
705	0.351	0.496	0.794	0.66349	0.351	0.496	0.794
706	0.104	0.778	0.62	0.667277	0.104	0.778	0.62
707	-0.287	0.6649999999999999	0.69	0.666338	-0.287	0.665	0.69
708	-0.28200000000000003	0.313	0.907	0.665368	-0.282	0.313	0.907
709	-0.104	-0.778	0.62	0.667277	-0.104	-0.778	0.62
710	0.287	-0.6649999999999999	0.69	0.666338	0.287	-0.665	0.69
711	0.907	-0.28200000000000003	0.313	0.665368	0.907	-0.282	0.313
712	0.971	0.113	0.209	0.667927	0.971	0.113	0.209
713	0.6649999999999999	0.69	-0.287	0.666338	0.665	0.69	-0.287
714	0.313	0.907	-0.28200000000000003	0.665368	0.313	0.907	-0.282
715	-0.496	0.794	-0.351	0.66349	-0.496	0.794	-0.351
716	-0.778	0.62	-0.104	0.667277	-0.778	0.62	-0.104
717	-0.971	-0.113	0.209	0.667927	-0.971	-0.113	0.209
718	-0.794	-0.351	0.496	0.66349	-0.794	-0.351	0.496
719	0.209	-0.971	-0.113	0.667927	0.209	-0.971	-0.113
720	0.496	-0.794	-0.351	0.66349	0.496	-0.794	-0.351
721	0.62	-0.104	-0.778	0.667277	0.62	-0.104	-0.778
722	-0.113	0.209	-0.971	0.667927	-0.113	0.209	-0.971
723	-0.69	-0.287	-0.6649999999999999	0.666338	-0.69	-0.287	-0.665
724	0.174	0.108	0.979	0.72883	0.174	0.108	0.979
725	0.45599999999999996	0.497	0.738	0.72829	0.456	0.497	0.738
726	0.108	0.846	0.523	0.727577	0.108	0.846	0.523
727	-0.38999999999999996	0.6709999999999999	0.6299999999999999	0.726391	-0.39	0.671	0.63
728	-0.348	0.215	0.9119999999999999	0.72527	-0.348	0.215	0.912
729	-0.108	-0.846	0.523	0.727577	-0.108	-0.846	0.523
730	0.38999999999999996	-0.6709999999999999	0.6299999999999999	0.726391	0.39	-0.671	0.63
731	0.9119999999999999	-0.348	0.215	0.72527	0.912	-0.348	0.215
732	0.979	0.174	0.108	0.72883	0.979	0.174	0.108
733	0.6709999999999999	0.6299999999999999	-0.38999999999999996	0.726391	0.671	0.63	-0.39
734	0.215	0.9119999999999999	-0.348	0.72527	0.215	0.912	-0.348
735	-0.497	0.738	-0.45599999999999996	0.72829	-0.497	0.738	-0.456
736	-0.846	0.523	-0.108	0.727577	-0.846	0.523	-0.108
737	-0.979	-0.174	0.108	0.72883	-0.979	-0.174	0.108
738	-0.738	-0.45599999999999996	0.497	0.72829	-0.738	-0.456	0.497
739	0.108	-0.979	-0.174	0.72883	0.108	-0.979	-0.174
740	0.497	-0.738	-0.45599999999999996	0.72829	0.497	-0.738	-0.456
741	0.523	-0.108	-0.846	0.727577	0.523	-0.108	-0.846
742	-0.174	0.108	-0.979	0.72883	-0.174	0.108	-0.979
743	-0.6299999999999999	-0.38999999999999996	-0.6709999999999999	0.726391	-0.63	-0.39	-0.671
744	0.236	0.	0.972	0.762548	0.236	0.	0.972
745	0.5589999999999999	0.491	0.6679999999999999	0.760514	0.559	0.491	0.668
746	0.109	0.904	0.41300000000000003	0.761203	0.109	0.904	0.413
747	-0.491	0.6679999999999999	0.5589999999999999	0.760514	-0.491	0.668	0.559
748	-0.41300000000000003	0.109	0.904	0.761203	-0.413	0.109	0.904
749	-0.109	-0.904	0.41300000000000003	0.761203	-0.109	-0.904	0.413
750	0.491	-0.6679999999999999	0.5589999999999999	0.760514	0.491	-0.668	0.559
751	0.904	-0.41300000000000003	0.109	0.761203	0.904	-0.413	0.109
752	0.972	0.236	0.	0.762548	0.972	0.236	0.
753	0.6679999999999999	0.5589999999999999	-0.491	0.760514	0.668	0.559	-0.491
754	0.109	0.904	-0.41300000000000003	0.761203	0.109	0.904	-0.413
755	-0.491	0.6679999999999999	-0.5589999999999999	0.760514	-0.491	0.668	-0.559
756	-0.904	0.41300000000000003	-0.109	0.761203	-0.904	0.413	-0.109
757	-0.972	-0.236	0.	0.762548	-0.972	-0.236	0.
758	-0.6679999999999999	-0.5589999999999999	0.491	0.760514	-0.668	-0.559	0.491
759	0.	-0.972	-0.236	0.762548	0.	-0.972	-0.236
760	0.491	-0.6679999999999999	-0.5589999999999999	0.760514	0.491	-0.668	-0.559
761	0.41300000000000003	-0.109	-0.904	0.761203	0.413	-0.109	-0.904
762	-0.236	0.	-0.972	0.762548	-0.236	0.	-0.972
763	-0.5589999999999999	-0.491	-0.6679999999999999	0.760514	-0.559	-0.491	-0.668
764	0.295	-0.109	0.949	0.761114	0.295	-0.109	0.949
765	0.654	0.47700000000000004	0.587	0.760327	0.654	0.477	0.587
766	0.109	0.949	0.295	0.761114	0.109	0.949	0.295
767	-0.587	0.654	0.47700000000000004	0.760327	-0.587	0.654	0.477
768	-0.472	0.	0.882	0.760294	-0.472	0.	0.882
769	-0.109	-0.949	0.295	0.761114	-0.109	-0.949	0.295
770	0.587	-0.654	0.47700000000000004	0.760327	0.587	-0.654	0.477
771	0.882	-0.472	0.	0.760294	0.882	-0.472	0.
772	0.949	0.295	-0.109	0.761114	0.949	0.295	-0.109
773	0.654	0.47700000000000004	-0.587	0.760327	0.654	0.477	-0.587
774	0.	0.882	-0.472	0.760294	0.	0.882	-0.472
775	-0.47700000000000004	0.587	-0.654	0.760327	-0.477	0.587	-0.654
776	-0.949	0.295	-0.109	0.761114	-0.949	0.295	-0.109
777	-0.949	-0.295	-0.109	0.761114	-0.949	-0.295	-0.109
778	-0.587	-0.654	0.47700000000000004	0.760327	-0.587	-0.654	0.477
779	-0.109	-0.949	-0.295	0.761114	-0.109	-0.949	-0.295
780	0.47700000000000004	-0.587	-0.654	0.760327	0.477	-0.587	-0.654
781	0.295	-0.109	-0.949	0.761114	0.295	-0.109	-0.949
782	-0.295	-0.109	-0.949	0.761114	-0.295	-0.109	-0.949
783	-0.47700000000000004	-0.587	-0.654	0.760327	-0.477	-0.587	-0.654
784	0.348	-0.215	0.9119999999999999	0.72527	0.348	-0.215	0.912
785	0.738	0.45599999999999996	0.497	0.72829	0.738	0.456	0.497
786	0.108	0.979	0.174	0.72883	0.108	0.979	0.174
787	-0.6709999999999999	0.6299999999999999	0.38999999999999996	0.726391	-0.671	0.63	0.39
788	-0.523	-0.108	0.846	0.727577	-0.523	-0.108	0.846
789	-0.108	-0.979	0.174	0.72883	-0.108	-0.979	0.174
790	0.6709999999999999	-0.6299999999999999	0.38999999999999996	0.726391	0.671	-0.63	0.39
791	0.846	-0.523	-0.108	0.727577	0.846	-0.523	-0.108
792	0.9119999999999999	0.348	-0.215	0.72527	0.912	0.348	-0.215
793	0.6299999999999999	0.38999999999999996	-0.6709999999999999	0.726391	0.63	0.39	-0.671
794	-0.108	0.846	-0.523	0.727577	-0.108	0.846	-0.523
795	-0.45599999999999996	0.497	-0.738	0.72829	-0.456	0.497	-0.738
796	-0.979	0.174	-0.108	0.72883	-0.979	0.174	-0.108
797	-0.9119999999999999	-0.348	-0.215	0.72527	-0.912	-0.348	-0.215
798	-0.497	-0.738	0.45599999999999996	0.72829	-0.497	-0.738	0.456
799	-0.215	-0.9119999999999999	-0.348	0.72527	-0.215	-0.912	-0.348
800	0.45599999999999996	-0.497	-0.738	0.72829	0.456	-0.497	-0.738
801	0.174	-0.108	-0.979	0.72883	0.174	-0.108	-0.979
802	-0.348	-0.215	-0.9119999999999999	0.72527	-0.348	-0.215	-0.912
803	-0.38999999999999996	-0.6709999999999999	-0.6299999999999999	0.726391	-0.39	-0.671	-0.63
804	0.39499999999999996	-0.313	0.864	0.671943	0.395	-0.313	0.864
805	0.807	0.429	0.405	0.671464	0.807	0.429	0.405
806	0.104	0.993	0.055999999999999994	0.669438	0.104	0.993	0.056
807	-0.743	0.5980000000000001	0.3	0.670622	-0.743	0.598	0.3
808	-0.5640000000000001	-0.209	0.7989999999999999	0.669502	-0.564	-0.209	0.799
809	-0.104	-0.993	0.055999999999999994	0.669438	-0.104	-0.993	0.056
810	0.743	-0.5980000000000001	0.3	0.670622	0.743	-0.598	0.3
811	0.7989999999999999	-0.5640000000000001	-0.209	0.669502	0.799	-0.564	-0.209
812	0.864	0.39499999999999996	-0.313	0.671943	0.864	0.395	-0.313
813	0.5980000000000001	0.3	-0.743	0.670622	0.598	0.3	-0.743
814	-0.209	0.7989999999999999	-0.5640000000000001	0.669502	-0.209	0.799	-0.564
815	-0.429	0.405	-0.807	0.671464	-0.429	0.405	-0.807
816	-0.993	0.055999999999999994	-0.104	0.669438	-0.993	0.056	-0.104
817	-0.864	-0.39499999999999996	-0.313	0.671943	-0.864	-0.395	-0.313
818	-0.405	-0.807	0.429	0.671464	-0.405	-0.807	0.429
819	-0.313	-0.864	-0.39499999999999996	0.671943	-0.313	-0.864	-0.395
820	0.429	-0.405	-0.807	0.671464	0.429	-0.405	-0.807
821	0.055999999999999994	-0.104	-0.993	0.669438	0.056	-0.104	-0.993
822	-0.39499999999999996	-0.313	-0.864	0.671943	-0.395	-0.313	-0.864
823	-0.3	-0.743	-0.5980000000000001	0.670622	-0.3	-0.743	-0.598
824	0.055999999999999994	0.104	0.993	0.669438	0.056	0.104	0.993
825	0.429	0.405	0.807	0.671464	0.429	0.405	0.807
826	0.209	0.7989999999999999	0.5640000000000001	0.669502	0.209	0.799	0.564
827	-0.3	0.743	0.5980000000000001	0.670622	-0.3	0.743	0.598
828	-0.39499999999999996	0.313	0.864	0.671943	-0.395	0.313	0.864
829	-0.209	-0.7989999999999999	0.5640000000000001	0.669502	-0.209	-0.799	0.564
830	0.3	-0.743	0.5980000000000001	0.670622	0.3	-0.743	0.598
831	0.864	-0.39499999999999996	0.313	0.671943	0.864	-0.395	0.313
832	0.993	0.055999999999999994	0.104	0.669438	0.993	0.056	0.104
833	0.743	0.5980000000000001	-0.3	0.670622	0.743	0.598	-0.3
834	0.313	0.864	-0.39499999999999996	0.671943	0.313	0.864	-0.395
835	-0.405	0.807	-0.429	0.671464	-0.405	0.807	-0.429
836	-0.7989999999999999	0.5640000000000001	-0.209	0.669502	-0.799	0.564	-0.209
837	-0.993	-0.055999999999999994	0.104	0.669438	-0.993	-0.056	0.104
838	-0.807	-0.429	0.405	0.671464	-0.807	-0.429	0.405
839	0.104	-0.993	-0.055999999999999994	0.669438	0.104	-0.993	-0.056
840	0.405	-0.807	-0.429	0.671464	0.405	-0.807	-0.429
841	0.5640000000000001	-0.209	-0.7989999999999999	0.669502	0.564	-0.209	-0.799
842	-0.055999999999999994	0.104	-0.993	0.669438	-0.056	0.104	-0.993
843	-0.5980000000000001	-0.3	-0.743	0.670622	-0.598	-0.3	-0.743
844	0.115	0.	0.993	0.710249	0.115	0.	0.993
845	0.532	0.4	0.746	0.71036	0.532	0.4	0.746
846	0.214	0.8609999999999999	0.461	0.711038	0.214	0.861	0.461
847	-0.4	0.746	0.532	0.71036	-0.4	0.746	0.532
848	-0.461	0.214	0.8609999999999999	0.711038	-0.461	0.214	0.861
849	-0.214	-0.8609999999999999	0.461	0.711038	-0.214	-0.861	0.461
850	0.4	-0.746	0.532	0.71036	0.4	-0.746	0.532
851	0.8609999999999999	-0.461	0.214	0.711038	0.861	-0.461	0.214
852	0.993	0.115	0.	0.710249	0.993	0.115	0.
853	0.746	0.532	-0.4	0.71036	0.746	0.532	-0.4
854	0.214	0.8609999999999999	-0.461	0.711038	0.214	0.861	-0.461
855	-0.4	0.746	-0.532	0.71036	-0.4	0.746	-0.532
856	-0.8609999999999999	0.461	-0.214	0.711038	-0.861	0.461	-0.214
857	-0.993	-0.115	0.	0.710249	-0.993	-0.115	0.
858	-0.746	-0.532	0.4	0.71036	-0.746	-0.532	0.4
859	0.	-0.993	-0.115	0.710249	0.	-0.993	-0.115
860	0.4	-0.746	-0.532	0.71036	0.4	-0.746	-0.532
861	0.461	-0.214	-0.8609999999999999	0.711038	0.461	-0.214	-0.861
862	-0.115	0.	-0.993	0.710249	-0.115	0.	-0.993
863	-0.532	-0.4	-0.746	0.71036	-0.532	-0.4	-0.746
864	0.174	-0.108	0.979	0.72883	0.174	-0.108	0.979
865	0.6299999999999999	0.38999999999999996	0.6709999999999999	0.726391	0.63	0.39	0.671
866	0.215	0.9119999999999999	0.348	0.72527	0.215	0.912	0.348
867	-0.497	0.738	0.45599999999999996	0.72829	-0.497	0.738	0.456
868	-0.523	0.108	0.846	0.727577	-0.523	0.108	0.846
869	-0.215	-0.9119999999999999	0.348	0.72527	-0.215	-0.912	0.348
870	0.497	-0.738	0.45599999999999996	0.72829	0.497	-0.738	0.456
871	0.846	-0.523	0.108	0.727577	0.846	-0.523	0.108
872	0.979	0.174	-0.108	0.72883	0.979	0.174	-0.108
873	0.738	0.45599999999999996	-0.497	0.72829	0.738	0.456	-0.497
874	0.108	0.846	-0.523	0.727577	0.108	0.846	-0.523
875	-0.38999999999999996	0.6709999999999999	-0.6299999999999999	0.726391	-0.39	0.671	-0.63
876	-0.9119999999999999	0.348	-0.215	0.72527	-0.912	0.348	-0.215
877	-0.979	-0.174	-0.108	0.72883	-0.979	-0.174	-0.108
878	-0.6709999999999999	-0.6299999999999999	0.38999999999999996	0.726391	-0.671	-0.63	0.39
879	-0.108	-0.979	-0.174	0.72883	-0.108	-0.979	-0.174
880	0.38999999999999996	-0.6709999999999999	-0.6299999999999999	0.726391	0.39	-0.671	-0.63
881	0.348	-0.215	-0.9119999999999999	0.72527	0.348	-0.215	-0.912
882	-0.174	-0.108	-0.979	0.72883	-0.174	-0.108	-0.979
883	-0.45599999999999996	-0.497	-0.738	0.72829	-0.456	-0.497	-0.738
884	0.23099999999999998	-0.214	0.949	0.708645	0.231	-0.214	0.949
885	0.719	0.373	0.587	0.710139	0.719	0.373	0.587
886	0.214	0.949	0.23099999999999998	0.708645	0.214	0.949	0.231
887	-0.587	0.719	0.373	0.710139	-0.587	0.719	0.373
888	-0.5760000000000001	0.	0.8170000000000001	0.710716	-0.576	0.	0.817
889	-0.214	-0.949	0.23099999999999998	0.708645	-0.214	-0.949	0.231
890	0.587	-0.719	0.373	0.710139	0.587	-0.719	0.373
891	0.8170000000000001	-0.5760000000000001	0.	0.710716	0.817	-0.576	0.
892	0.949	0.23099999999999998	-0.214	0.708645	0.949	0.231	-0.214
893	0.719	0.373	-0.587	0.710139	0.719	0.373	-0.587
894	0.	0.8170000000000001	-0.5760000000000001	0.710716	0.	0.817	-0.576
895	-0.373	0.587	-0.719	0.710139	-0.373	0.587	-0.719
896	-0.949	0.23099999999999998	-0.214	0.708645	-0.949	0.231	-0.214
897	-0.949	-0.23099999999999998	-0.214	0.708645	-0.949	-0.231	-0.214
898	-0.587	-0.719	0.373	0.710139	-0.587	-0.719	0.373
899	-0.214	-0.949	-0.23099999999999998	0.708645	-0.214	-0.949	-0.231
900	0.373	-0.587	-0.719	0.710139	0.373	-0.587	-0.719
901	0.23099999999999998	-0.214	-0.949	0.708645	0.231	-0.214	-0.949
902	-0.23099999999999998	-0.214	-0.949	0.708645	-0.231	-0.214	-0.949
903	-0.373	-0.587	-0.719	0.710139	-0.373	-0.587	-0.719
904	0.28200000000000003	-0.313	0.907	0.665368	0.282	-0.313	0.907
905	0.794	0.351	0.496	0.66349	0.794	0.351	0.496
906	0.209	0.971	0.113	0.667927	0.209	0.971	0.113
907	-0.6649999999999999	0.69	0.287	0.666338	-0.665	0.69	0.287
908	-0.62	-0.104	0.778	0.667277	-0.62	-0.104	0.778
909	-0.209	-0.971	0.113	0.667927	-0.209	-0.971	0.113
910	0.6649999999999999	-0.69	0.287	0.666338	0.665	-0.69	0.287
911	0.778	-0.62	-0.104	0.667277	0.778	-0.62	-0.104
912	0.907	0.28200000000000003	-0.313	0.665368	0.907	0.282	-0.313
913	0.69	0.287	-0.6649999999999999	0.666338	0.69	0.287	-0.665
914	-0.104	0.778	-0.62	0.667277	-0.104	0.778	-0.62
915	-0.351	0.496	-0.794	0.66349	-0.351	0.496	-0.794
916	-0.971	0.113	-0.209	0.667927	-0.971	0.113	-0.209
917	-0.907	-0.28200000000000003	-0.313	0.665368	-0.907	-0.282	-0.313
918	-0.496	-0.794	0.351	0.66349	-0.496	-0.794	0.351
919	-0.313	-0.907	-0.28200000000000003	0.665368	-0.313	-0.907	-0.282
920	0.351	-0.496	-0.794	0.66349	0.351	-0.496	-0.794
921	0.113	-0.209	-0.971	0.667927	0.113	-0.209	-0.971
922	-0.28200000000000003	-0.313	-0.907	0.665368	-0.282	-0.313	-0.907
923	-0.287	-0.6649999999999999	-0.69	0.666338	-0.287	-0.665	-0.69
924	-0.20199999999999999	-0.979	0.	0.635392	-0.202	-0.979	0.
925	0.73	-0.653	0.20199999999999999	0.634249	0.73	-0.653	0.202
926	0.855	0.32599999999999996	-0.40399999999999997	0.633745	0.855	0.326	-0.404
927	-0.20199999999999999	0.73	-0.653	0.634249	-0.202	0.73	-0.653
928	-0.979	0.	-0.20199999999999999	0.635392	-0.979	0.	-0.202
929	-0.40399999999999997	-0.855	0.32599999999999996	0.633745	-0.404	-0.855	0.326
930	0.32599999999999996	-0.40399999999999997	-0.855	0.633745	0.326	-0.404	-0.855
931	0.	-0.20199999999999999	-0.979	0.635392	0.	-0.202	-0.979
932	-0.32599999999999996	-0.40399999999999997	-0.855	0.633745	-0.326	-0.404	-0.855
933	0.055999999999999994	-0.104	0.993	0.669438	0.056	-0.104	0.993
934	0.5980000000000001	0.3	0.743	0.670622	0.598	0.3	0.743
935	0.313	0.864	0.39499999999999996	0.671943	0.313	0.864	0.395
936	-0.405	0.807	0.429	0.671464	-0.405	0.807	0.429
937	-0.5640000000000001	0.209	0.7989999999999999	0.669502	-0.564	0.209	0.799
938	-0.313	-0.864	0.39499999999999996	0.671943	-0.313	-0.864	0.395
939	0.405	-0.807	0.429	0.671464	0.405	-0.807	0.429
940	0.7989999999999999	-0.5640000000000001	0.209	0.669502	0.799	-0.564	0.209
941	0.993	0.055999999999999994	-0.104	0.669438	0.993	0.056	-0.104
942	0.807	0.429	-0.405	0.671464	0.807	0.429	-0.405
943	0.209	0.7989999999999999	-0.5640000000000001	0.669502	0.209	0.799	-0.564
944	-0.3	0.743	-0.5980000000000001	0.670622	-0.3	0.743	-0.598
945	-0.864	0.39499999999999996	-0.313	0.671943	-0.864	0.395	-0.313
946	-0.993	-0.055999999999999994	-0.104	0.669438	-0.993	-0.056	-0.104
947	-0.743	-0.5980000000000001	0.3	0.670622	-0.743	-0.598	0.3
948	-0.104	-0.993	-0.055999999999999994	0.669438	-0.104	-0.993	-0.056
949	0.3	-0.743	-0.5980000000000001	0.670622	0.3	-0.743	-0.598
950	0.39499999999999996	-0.313	-0.864	0.671943	0.395	-0.313	-0.864
951	-0.055999999999999994	-0.104	-0.993	0.669438	-0.056	-0.104	-0.993
952	-0.429	-0.405	-0.807	0.671464	-0.429	-0.405	-0.807
953	0.113	-0.209	0.971	0.667927	0.113	-0.209	0.971
954	0.69	0.287	0.6649999999999999	0.666338	0.69	0.287	0.665
955	0.313	0.907	0.28200000000000003	0.665368	0.313	0.907	0.282
956	-0.496	0.794	0.351	0.66349	-0.496	0.794	0.351
957	-0.62	0.104	0.778	0.667277	-0.62	0.104	0.778
958	-0.313	-0.907	0.28200000000000003	0.665368	-0.313	-0.907	0.282
959	0.496	-0.794	0.351	0.66349	0.496	-0.794	0.351
960	0.778	-0.62	0.104	0.667277	0.778	-0.62	0.104
961	0.971	0.113	-0.209	0.667927	0.971	0.113	-0.209
962	0.794	0.351	-0.496	0.66349	0.794	0.351	-0.496
963	0.104	0.778	-0.62	0.667277	0.104	0.778	-0.62
964	-0.287	0.6649999999999999	-0.69	0.666338	-0.287	0.665	-0.69
965	-0.907	0.28200000000000003	-0.313	0.665368	-0.907	0.282	-0.313
966	-0.971	-0.113	-0.209	0.667927	-0.971	-0.113	-0.209
967	-0.6649999999999999	-0.69	0.287	0.666338	-0.665	-0.69	0.287
968	-0.209	-0.971	-0.113	0.667927	-0.209	-0.971	-0.113
969	0.287	-0.6649999999999999	-0.69	0.666338	0.287	-0.665	-0.69
970	0.28200000000000003	-0.313	-0.907	0.665368	0.282	-0.313	-0.907
971	-0.113	-0.209	-0.971	0.667927	-0.113	-0.209	-0.971
972	-0.351	-0.496	-0.794	0.66349	-0.351	-0.496	-0.794
973	0.16699999999999998	-0.309	0.9359999999999999	0.638304	0.167	-0.309	0.936
974	0.77	0.26999999999999996	0.5790000000000001	0.636585	0.77	0.27	0.579
975	0.309	0.9359999999999999	0.16699999999999998	0.638304	0.309	0.936	0.167
976	-0.5790000000000001	0.77	0.26999999999999996	0.636585	-0.579	0.77	0.27
977	-0.667	0.	0.745	0.638396	-0.667	0.	0.745
978	-0.309	-0.9359999999999999	0.16699999999999998	0.638304	-0.309	-0.936	0.167
979	0.5790000000000001	-0.77	0.26999999999999996	0.636585	0.579	-0.77	0.27
980	0.745	-0.667	0.	0.638396	0.745	-0.667	0.
981	0.9359999999999999	0.16699999999999998	-0.309	0.638304	0.936	0.167	-0.309
982	0.77	0.26999999999999996	-0.5790000000000001	0.636585	0.77	0.27	-0.579
983	0.	0.745	-0.667	0.638396	0.	0.745	-0.667
984	-0.26999999999999996	0.5790000000000001	-0.77	0.636585	-0.27	0.579	-0.77
985	-0.9359999999999999	0.16699999999999998	-0.309	0.638304	-0.936	0.167	-0.309
986	-0.9359999999999999	-0.16699999999999998	-0.309	0.638304	-0.936	-0.167	-0.309
987	-0.5790000000000001	-0.77	0.26999999999999996	0.636585	-0.579	-0.77	0.27
988	-0.309	-0.9359999999999999	-0.16699999999999998	0.638304	-0.309	-0.936	-0.167
989	0.26999999999999996	-0.5790000000000001	-0.77	0.636585	0.27	-0.579	-0.77
990	0.16699999999999998	-0.309	-0.9359999999999999	0.638304	0.167	-0.309	-0.936
991	-0.16699999999999998	-0.309	-0.9359999999999999	0.638304	-0.167	-0.309	-0.936
992	-0.26999999999999996	-0.5790000000000001	-0.77	0.636585	-0.27	-0.579	-0.77
993	0.216	-0.40099999999999997	0.89	0.591232	0.216	-0.401	0.89
994	0.836	0.25	0.488	0.591742	0.836	0.25	0.488
995	0.301	0.952	0.054	0.592311	0.301	0.952	0.054
996	-0.65	0.736	0.188	0.591109	-0.65	0.736	0.188
997	-0.703	-0.1	0.7040000000000001	0.593223	-0.703	-0.1	0.704
998	-0.301	-0.952	0.054	0.592311	-0.301	-0.952	0.054
999	0.65	-0.736	0.188	0.591109	0.65	-0.736	0.188
1000	0.7040000000000001	-0.703	-0.1	0.593223	0.704	-0.703	-0.1
1001	0.89	0.216	-0.40099999999999997	0.591232	0.89	0.216	-0.401
1002	0.736	0.188	-0.65	0.591109	0.736	0.188	-0.65
1003	-0.1	0.7040000000000001	-0.703	0.593223	-0.1	0.704	-0.703
1004	-0.25	0.488	-0.836	0.591742	-0.25	0.488	-0.836
1005	-0.952	0.054	-0.301	0.592311	-0.952	0.054	-0.301
1006	-0.89	-0.216	-0.40099999999999997	0.591232	-0.89	-0.216	-0.401
1007	-0.488	-0.836	0.25	0.591742	-0.488	-0.836	0.25
1008	-0.40099999999999997	-0.89	-0.216	0.591232	-0.401	-0.89	-0.216
1009	0.25	-0.488	-0.836	0.591742	0.25	-0.488	-0.836
1010	0.054	-0.301	-0.952	0.592311	0.054	-0.301	-0.952
1011	-0.216	-0.40099999999999997	-0.89	0.591232	-0.216	-0.401	-0.89
1012	-0.188	-0.65	-0.736	0.591109	-0.188	-0.65	-0.736
1013	0.054	-0.301	0.952	0.592311	0.054	-0.301	0.952
1014	0.736	0.188	0.65	0.591109	0.736	0.188	0.65
1015	0.40099999999999997	0.89	0.216	0.591232	0.401	0.89	0.216
1016	-0.488	0.836	0.25	0.591742	-0.488	0.836	0.25
1017	-0.703	0.1	0.7040000000000001	0.593223	-0.703	0.1	0.704
1018	-0.40099999999999997	-0.89	0.216	0.591232	-0.401	-0.89	0.216
1019	0.488	-0.836	0.25	0.591742	0.488	-0.836	0.25
1020	0.7040000000000001	-0.703	0.1	0.593223	0.704	-0.703	0.1
1021	0.952	0.054	-0.301	0.592311	0.952	0.054	-0.301
1022	0.836	0.25	-0.488	0.591742	0.836	0.25	-0.488
1023	0.1	0.7040000000000001	-0.703	0.593223	0.1	0.704	-0.703
1024	-0.188	0.65	-0.736	0.591109	-0.188	0.65	-0.736
1025	-0.89	0.216	-0.40099999999999997	0.591232	-0.89	0.216	-0.401
1026	-0.952	-0.054	-0.301	0.592311	-0.952	-0.054	-0.301
1027	-0.65	-0.736	0.188	0.591109	-0.65	-0.736	0.188
1028	-0.301	-0.952	-0.054	0.592311	-0.301	-0.952	-0.054
1029	0.188	-0.65	-0.736	0.591109	0.188	-0.65	-0.736
1030	0.216	-0.40099999999999997	-0.89	0.591232	0.216	-0.401	-0.89
1031	-0.054	-0.301	-0.952	0.592311	-0.054	-0.301	-0.952
1032	-0.25	-0.488	-0.836	0.591742	-0.25	-0.488	-0.836
1033	0.106	-0.39299999999999996	0.913	0.553999	0.106	-0.393	0.913
1034	0.807	0.17099999999999999	0.565	0.557325	0.807	0.171	0.565
1035	0.39299999999999996	0.913	0.106	0.553999	0.393	0.913	0.106
1036	-0.565	0.807	0.17099999999999999	0.557325	-0.565	0.807	0.171
1037	-0.742	0.	0.67	0.552673	-0.742	0.	0.67
1038	-0.39299999999999996	-0.913	0.106	0.553999	-0.393	-0.913	0.106
1039	0.565	-0.807	0.17099999999999999	0.557325	0.565	-0.807	0.171
1040	0.67	-0.742	0.	0.552673	0.67	-0.742	0.
1041	0.913	0.106	-0.39299999999999996	0.553999	0.913	0.106	-0.393
1042	0.807	0.17099999999999999	-0.565	0.557325	0.807	0.171	-0.565
1043	0.	0.67	-0.742	0.552673	0.	0.67	-0.742
1044	-0.17099999999999999	0.565	-0.807	0.557325	-0.171	0.565	-0.807
1045	-0.913	0.106	-0.39299999999999996	0.553999	-0.913	0.106	-0.393
1046	-0.913	-0.106	-0.39299999999999996	0.553999	-0.913	-0.106	-0.393
1047	-0.565	-0.807	0.17099999999999999	0.557325	-0.565	-0.807	0.171
1048	-0.39299999999999996	-0.913	-0.106	0.553999	-0.393	-0.913	-0.106
1049	0.17099999999999999	-0.565	-0.807	0.557325	0.171	-0.565	-0.807
1050	0.106	-0.39299999999999996	-0.913	0.553999	0.106	-0.393	-0.913
1051	-0.106	-0.39299999999999996	-0.913	0.553999	-0.106	-0.393	-0.913
1052	-0.17099999999999999	-0.565	-0.807	0.557325	-0.171	-0.565	-0.807
1053	-0.381	-0.9249999999999999	0.	0.527957	-0.381	-0.925	0.
1054	0.6299999999999999	-0.77	0.095	0.528137	0.63	-0.77	0.095
1055	0.866	0.154	-0.476	0.530543	0.866	0.154	-0.476
1056	-0.095	0.6299999999999999	-0.77	0.528137	-0.095	0.63	-0.77
1057	-0.9249999999999999	0.	-0.381	0.527957	-0.925	0.	-0.381
1058	-0.476	-0.866	0.154	0.530543	-0.476	-0.866	0.154
1059	0.154	-0.476	-0.866	0.530543	0.154	-0.476	-0.866
1060	0.	-0.381	-0.9249999999999999	0.527957	0.	-0.381	-0.925
1061	-0.154	-0.476	-0.866	0.530543	-0.154	-0.476	-0.866
1062	0.05	-0.46499999999999997	0.884	0.476158	0.05	-0.465	0.884
1063	0.834	0.081	0.5459999999999999	0.476807	0.834	0.081	0.546
1064	0.46499999999999997	0.884	0.05	0.476158	0.465	0.884	0.05
1065	-0.5459999999999999	0.834	0.081	0.476807	-0.546	0.834	0.081
1066	-0.8029999999999999	0.	0.596	0.476059	-0.803	0.	0.596
1067	-0.46499999999999997	-0.884	0.05	0.476158	-0.465	-0.884	0.05
1068	0.5459999999999999	-0.834	0.081	0.476807	0.546	-0.834	0.081
1069	0.596	-0.8029999999999999	0.	0.476059	0.596	-0.803	0.
1070	0.884	0.05	-0.46499999999999997	0.476158	0.884	0.05	-0.465
1071	0.834	0.081	-0.5459999999999999	0.476807	0.834	0.081	-0.546
1072	0.	0.596	-0.8029999999999999	0.476059	0.	0.596	-0.803
1073	-0.081	0.5459999999999999	-0.834	0.476807	-0.081	0.546	-0.834
1074	-0.884	0.05	-0.46499999999999997	0.476158	-0.884	0.05	-0.465
1075	-0.884	-0.05	-0.46499999999999997	0.476158	-0.884	-0.05	-0.465
1076	-0.5459999999999999	-0.834	0.081	0.476807	-0.546	-0.834	0.081
1077	-0.46499999999999997	-0.884	-0.05	0.476158	-0.465	-0.884	-0.05
1078	0.081	-0.5459999999999999	-0.834	0.476807	0.081	-0.546	-0.834
1079	0.05	-0.46499999999999997	-0.884	0.476158	0.05	-0.465	-0.884
1080	-0.05	-0.46499999999999997	-0.884	0.476158	-0.05	-0.465	-0.884
1081	-0.081	-0.5459999999999999	-0.834	0.476807	-0.081	-0.546	-0.834