0              0              0
0.1              0              0
0.2              0              0
0.3              0              0
0.4              0              0
0.5              0              0
0.6              0              0
0.7              0              0
0.8              0              0
0.9              0              0
1              0              0
1.1              0              0
1.2              0              0
1.3              0              0
1.4              0              0
1.5              0              0
1.6              0              0
1.7              0              0
1.8              0              0
1.9              0              0
2              0              0
2.1              0              0
2.2              0              0
2.3              0              0
2.4              0              0
2.5              0              0
2.6              0              0
2.7              0              0
2.8              0              0
2.9              0              0
3              0              0
3.1              0              0
3.2              0              0
3.3              0              0
3.4              0              0
3.5              0              0
3.6              0              0
3.7              0              0
3.8              0              0
3.9              0              0
4              0              0
4.1              0              0
4.2              0              0
4.3              0              0
4.4              0              0
4.5              0              0
4.6              0              0
4.7              0              0
4.8              0              0
4.9              0              0
5              0              0
5.1              0              0
5.2              0              0
5.3              0              0
5.4              0              0
5.5              0              0
5.6              0              0
5.7              0              0
5.8              0              0
5.9              0              0
6              0              0
6.1              0              0
6.2              0              0
6.3              0              0
6.4              0              0
6.5              0              0
6.6              0              0
6.7              0              0
6.8              0              0
6.9              0              0
7              0              0
7.1              0              0
7.2              0              0
7.3              0              0
7.4              0              0
7.5              0              0
7.6              0              0
7.7              0              0
7.8    9.66112e-05    5.55695e-05
7.9      0.0024177    0.000270493
8     0.00217426    0.000253323
8.1     0.00274864    0.000284836
8.2     0.00230338    0.000246432
8.3       0.002277     0.00025464
8.4     0.00177874    0.000218462
8.5     0.00206313     0.00022319
8.6     0.00204223    0.000222242
8.7     0.00217725    0.000240933
8.8     0.00190029    0.000216441
8.9     0.00205626    0.000226816
9     0.00208376    0.000221482
9.1     0.00177773    0.000213291
9.2     0.00238891    0.000220694
9.3     0.00199758    0.000213774
9.4     0.00173331    0.000199785
9.5     0.00189303    0.000192324
9.6     0.00198186    0.000201528
9.7     0.00189967     0.00020061
9.8     0.00169766    0.000191677
9.9     0.00218487    0.000199816
10     0.00155217    0.000170649
10.1     0.00206109     0.00019497
10.2     0.00207774    0.000192464
10.3      0.0016858    0.000176087
10.4     0.00245328     0.00021313
10.5     0.00201474    0.000181088
10.6     0.00150468    0.000161835
10.7     0.00163137    0.000163357
10.8     0.00165201    0.000165209
10.9     0.00162197    0.000168826
11     0.00198281    0.000187351
11.1     0.00172393    0.000168107
11.2     0.00175614    0.000169399
11.3     0.00180235    0.000160729
11.4     0.00124122    0.000134736
11.5     0.00138345    0.000139096
11.6     0.00152064    0.000154067
11.7     0.00132238    0.000137036
11.8     0.00132842    0.000146842
11.9     0.00148694    0.000148667
12      0.0016537    0.000146236
12.1     0.00123675    0.000132324
12.2     0.00121664    0.000121845
12.3     0.00145724    0.000139357
12.4     0.00106264    0.000118605
12.5     0.00133556    0.000123438
12.6     0.00106651    0.000110612
12.7     0.00123295     0.00011681
12.8     0.00139411    0.000130796
12.9       0.001207    0.000118366
13     0.00120022    0.000123619
13.1     0.00121647    0.000115892
13.2     0.00155989    0.000127138
13.3     0.00120256    0.000112958
13.4     0.00111893    0.000109729
13.5     0.00108085    0.000106486
13.6     0.00105442    0.000102468
13.7     0.00112311    0.000108296
13.8     0.00116903    0.000105074
13.9     0.00142766    0.000115877
14     0.00125662    0.000105453
14.1     0.00142723    0.000115708
14.2    0.000957728    9.47753e-05
14.3     0.00110826    9.82879e-05
14.4    0.000969416    9.50669e-05
14.5     0.00112487    9.65509e-05
14.6     0.00110956    9.70161e-05
14.7    0.000848291     9.0035e-05
14.8    0.000908896     8.4207e-05
14.9    0.000736956    8.03146e-05
15    0.000876138    8.54234e-05
15.1    0.000855964    8.22783e-05
15.2    0.000793577    8.24807e-05
15.3    0.000758004    8.06959e-05
15.4    0.000640147    7.35245e-05
15.5    0.000746838    7.44757e-05
15.6    0.000502353    6.29775e-05
15.7    0.000535993    6.58745e-05
15.8    0.000608244    6.71273e-05
15.9    0.000475833    6.02819e-05
16    0.000616291    6.80541e-05
16.1    0.000684768    7.04767e-05
16.2    0.000616244    6.43116e-05
16.3    0.000519647    6.11171e-05
16.4    0.000572016    6.34375e-05
16.5    0.000623086    6.77943e-05
16.6    0.000665733    6.76959e-05
16.7    0.000679027    6.74805e-05
16.8    0.000566149    6.19817e-05
16.9    0.000614747    6.81152e-05
17    0.000614383    6.24914e-05
17.1     0.00067471    7.11051e-05
17.2    0.000766947    6.93138e-05
17.3    0.000685615    6.42645e-05
17.4    0.000651711    6.48648e-05
17.5    0.000650748    6.42889e-05
17.6    0.000617914    6.16093e-05
17.7     0.00052279    5.62738e-05
17.8    0.000566775    5.65196e-05
17.9    0.000505046    5.48235e-05
18    0.000414191    5.04008e-05
18.1    0.000409639    5.05698e-05
18.2    0.000440912    5.34069e-05
18.3    0.000394865    4.99404e-05
18.4    0.000396426    4.96282e-05
18.5    0.000455601    5.07494e-05
18.6    0.000433612    4.69082e-05
18.7    0.000412065    4.50557e-05
18.8      0.0004468    5.05866e-05
18.9    0.000508411    5.38324e-05
19    0.000442936    4.91051e-05
19.1    0.000589841    5.96165e-05
19.2    0.000471267    4.68974e-05
19.3    0.000466408    4.70153e-05
19.4     0.00043015    4.61004e-05
19.5    0.000451722    4.70532e-05
19.6    0.000498531    5.17882e-05
19.7    0.000712262    6.21273e-05
19.8    0.000448244    4.81098e-05
19.9    0.000358998    4.08349e-05
20    0.000399854    4.20727e-05
20.1    0.000351907    4.00283e-05
20.2    0.000382316    4.20326e-05
20.3     0.00045524     4.2993e-05
20.4    0.000327422    3.77023e-05
20.5    0.000394731    4.21367e-05
20.6    0.000437455    4.31486e-05
20.7    0.000414813    4.36766e-05
20.8     0.00029672    3.66515e-05
20.9    0.000321023    3.79449e-05
21    0.000389638     4.0089e-05
21.1    0.000319417    3.74003e-05
21.2    0.000320812    3.87408e-05
21.3    0.000300399    3.51343e-05
21.4    0.000301918    3.55094e-05
21.5    0.000311942    3.76697e-05
21.6    0.000304833    3.56928e-05
21.7    0.000310427    3.66535e-05
21.8    0.000315905    3.75472e-05
21.9    0.000341865    3.85989e-05
22    0.000318363     3.5307e-05
22.1    0.000323585    3.57319e-05
22.2    0.000304649    3.48526e-05
22.3    0.000313847    3.40445e-05
22.4    0.000322869    3.63508e-05
22.5     0.00033172    3.46831e-05
22.6    0.000340402    3.76407e-05
22.7    0.000417936    3.93591e-05
22.8    0.000383879    3.97834e-05
22.9    0.000305187    3.46628e-05
23    0.000306279     3.4483e-05
23.1    0.000336965    3.48053e-05
23.2    0.000323059     3.3784e-05
23.3    0.000327578    3.48734e-05
23.4    0.000393357    3.56103e-05
23.5    0.000289834    3.17308e-05
23.6    0.000315772    3.19806e-05
23.7    0.000267382    3.09912e-05
23.8    0.000261656    3.06081e-05
23.9    0.000273314    2.96477e-05
24    0.000226443    2.76904e-05
24.1    0.000241585    2.77326e-05
24.2    0.000222724    2.72356e-05
24.3     0.00024098    2.65807e-05
24.4    0.000242332     2.7316e-05
24.5    0.000246947    2.85098e-05
24.6    0.000280873    3.12504e-05
24.7    0.000197617    2.58604e-05
24.8    0.000186389    2.43919e-05
24.9    0.000178522    2.34651e-05
25    0.000192912     2.6025e-05
25.1     0.00016942    2.52416e-05
25.2    0.000186756    2.35042e-05
25.3    0.000176021    2.32936e-05
25.4    0.000193024    2.47211e-05
25.5    0.000185436    2.42663e-05
25.6    0.000171928    2.35381e-05
25.7    0.000182566    2.38908e-05
25.8    0.000172247    2.33106e-05
25.9    0.000203339    2.41446e-05
26    0.000184234    2.35954e-05
26.1    0.000208946     2.3767e-05
26.2    0.000198718    2.35959e-05
26.3    0.000191496    2.24697e-05
26.4    0.000184377    2.24186e-05
26.5    0.000213959    2.44774e-05
26.6    0.000195591    2.36731e-05
26.7    0.000196905    2.39259e-05
26.8    0.000200946    2.48827e-05
26.9    0.000204922    2.33404e-05
27    0.000197986    2.29669e-05
27.1    0.000207299    2.38095e-05
27.2    0.000211125    2.22693e-05
27.3    0.000206931    2.38513e-05
27.4    0.000229129     2.3867e-05
27.5    0.000253615    2.41812e-05
27.6    0.000272549    2.56314e-05
27.7    0.000152045      1.968e-05
27.8    0.000153513    1.96564e-05
27.9    0.000142256    1.90402e-05
28    0.000166465    2.06662e-05
28.1     0.00014525    2.02851e-05
28.2    0.000179036    2.18302e-05
28.3    0.000177776    2.11065e-05
28.4    0.000225564    2.33747e-05
28.5    0.000177728     2.0617e-05
28.6     0.00014506    2.00859e-05
28.7    0.000139251    1.88451e-05
28.8    0.000126366    1.68584e-05
28.9    0.000134966    1.75439e-05
29    0.000129335    1.81323e-05
29.1    0.000130785    1.75048e-05
29.2     0.00013685    1.83107e-05
29.3    0.000131312    1.82704e-05
29.4    0.000141862    1.86468e-05
29.5    0.000122723    1.68127e-05
29.6    0.000121896    1.78784e-05
29.7    0.000118836    1.73672e-05
29.8    0.000129177    1.74818e-05
29.9    0.000123891    1.68747e-05
30    0.000123068    1.76058e-05
30.1    0.000122253    1.80259e-05
30.2    0.000134458    1.76736e-05
30.3    0.000131419    1.69256e-05
30.4    0.000132698    1.71775e-05
30.5    0.000129704    1.67047e-05
30.6    0.000141534    1.68738e-05
30.7    0.000161602    1.75861e-05
30.8    0.000164726    1.81103e-05
30.9    0.000176094    1.90981e-05
31    0.000111152    1.57741e-05
31.1    0.000116575    1.48747e-05
31.2    0.000107701     1.4653e-05
31.3     0.00012115    1.52473e-05
31.4    0.000114361    1.51339e-05
31.5    0.000121612    1.64062e-05
31.6    0.000124807      1.523e-05
31.7    0.000104336    1.39194e-05
31.8    0.000121288    1.61808e-05
31.9    0.000112754    1.55049e-05
32    0.000117847    1.51777e-05
32.1    0.000115195     1.4498e-05
32.2    0.000110666    1.42287e-05
32.3    0.000115672    1.46541e-05
32.4    0.000118729    1.42411e-05
32.5    0.000114255    1.39814e-05
32.6    0.000106109    1.30174e-05
32.7    0.000112863    1.42983e-05
32.8    0.000108499    1.40437e-05
32.9     0.00010967    1.45105e-05
33    0.000114457    1.46589e-05
33.1    0.000113768    1.47927e-05
33.2    0.000111289    1.39518e-05
33.3    0.000112407    1.41735e-05
33.4    0.000104642    1.44435e-05
33.5    0.000111071    1.60719e-05
33.6    0.000105154    1.36905e-05
33.7     0.00011847    1.39886e-05
33.8    0.000112575    1.41196e-05
33.9      0.0001188     1.4315e-05
34    0.000116391    1.28622e-05
34.1    0.000117412    1.28613e-05
34.2    0.000121803    1.32205e-05
34.3    0.000117731    1.32196e-05
34.4    0.000120393    1.38969e-05
34.5    9.97472e-05    1.25537e-05
34.6    8.92551e-05     1.1538e-05
34.7     9.6959e-05    1.16574e-05
34.8    9.80373e-05    1.16713e-05
34.9    9.09786e-05    1.12767e-05
35    9.53063e-05    1.14587e-05
35.1    9.15524e-05    1.16819e-05
35.2    9.26308e-05    1.25359e-05
35.3    9.68717e-05    1.28741e-05
35.4    9.47468e-05    1.27334e-05
35.5    9.57847e-05    1.19298e-05
35.6    9.52481e-05    1.20667e-05
35.7     0.00010248    1.25316e-05
35.8    8.02917e-05    1.12682e-05
35.9    8.13811e-05    1.10721e-05
36    8.24573e-05    1.10881e-05
36.1    7.89646e-05    1.08719e-05
36.2    8.30601e-05    1.16447e-05
36.3     6.6083e-05    1.03152e-05
36.4    7.76701e-05    1.11031e-05
36.5    7.72457e-05    1.06352e-05
36.6    6.64829e-05    9.33806e-06
36.7    6.02442e-05     9.3865e-06
36.8    6.86861e-05    9.63766e-06
36.9    6.25008e-05    9.00576e-06
37    6.07182e-05    9.32441e-06
37.1    7.62086e-05    9.96153e-06
37.2    7.43698e-05    1.04371e-05
37.3    7.25495e-05    9.49099e-06
37.4    6.93327e-05    1.04948e-05
37.5    7.45936e-05    9.95151e-06
37.6     7.1398e-05    9.34034e-06
37.7    7.65904e-05    1.01815e-05
37.8    7.61863e-05     9.9365e-06
37.9    7.57853e-05    1.02612e-05
38    7.53875e-05    9.63934e-06
38.1    6.95387e-05    9.88082e-06
38.2    6.51065e-05     9.9908e-06
38.3    6.88153e-05    1.01436e-05
38.4    6.98002e-05    9.61012e-06
38.5    6.94385e-05    8.98337e-06
38.6    6.64227e-05    8.98703e-06
38.7    6.34371e-05    8.79185e-06
38.8    6.57406e-05    9.45985e-06
38.9    7.84842e-05    9.34354e-06
39    6.89731e-05    9.01575e-06
39.1    6.86212e-05    8.96975e-06
39.2    8.11534e-05    9.56205e-06
39.3    8.45863e-05    1.01835e-05
39.4     2.0402e-05     4.9977e-06
39.5    6.34341e-06    2.81912e-06
39.6              0              0
39.7              0              0
39.8              0              0
39.9              0              0
