0    6.38250    0.00000    3.94500   0.323697   0.851000  0.000000  0.526000
1    3.94500    6.38250    0.00000   0.323697   0.526000  0.851000  0.000000
2   -3.94500    6.38250    0.00000   0.323697   -0.526000  0.851000  0.000000
3   -6.38250    0.00000    3.94500   0.323697   -0.851000  0.000000  0.526000
4    0.00000   -3.94500    6.38250   0.323697   0.000000  -0.526000  0.851000
5    3.94500   -6.38250    0.00000   0.323697   0.526000  -0.851000  0.000000
6    6.38250    0.00000   -3.94500   0.323697   0.851000  0.000000  -0.526000
7    0.00000    3.94500   -6.38250   0.323697   0.000000  0.526000  -0.851000
8   -6.38250    0.00000   -3.94500   0.323697   -0.851000  0.000000  -0.526000
9   -3.94500   -6.38250    0.00000   0.323697   -0.526000  -0.851000  0.000000
10    0.00000   -3.94500   -6.38250   0.323697   0.000000  -0.526000  -0.851000
11    5.77500    0.71250    4.72500   0.528137   0.770000  0.095000  0.630000
12    3.57000    6.49500    1.15500   0.530543   0.476000  0.866000  0.154000
13   -3.57000    6.49500    1.15500   0.530543   -0.476000  0.866000  0.154000
14   -5.77500    0.71250    4.72500   0.528137   -0.770000  0.095000  0.630000
15    0.00000   -2.85750    6.93750   0.527957   0.000000  -0.381000  0.925000
16    3.57000   -6.49500    1.15500   0.530543   0.476000  -0.866000  0.154000
17    5.77500   -0.71250    4.72500   0.528137   0.770000  -0.095000  0.630000
18    6.93750    0.00000   -2.85750   0.527957   0.925000  0.000000  -0.381000
19    4.72500    5.77500    0.71250   0.528137   0.630000  0.770000  0.095000
20    0.71250    4.72500   -5.77500   0.528137   0.095000  0.630000  -0.770000
21   -2.85750    6.93750    0.00000   0.527957   -0.381000  0.925000  0.000000
22   -6.49500    1.15500   -3.57000   0.530543   -0.866000  0.154000  -0.476000
23   -6.49500    1.15500    3.57000   0.530543   -0.866000  0.154000  0.476000
24   -4.72500   -5.77500    0.71250   0.528137   -0.630000  -0.770000  0.095000
25   -1.15500   -3.57000    6.49500   0.530543   -0.154000  -0.476000  0.866000
26    0.71250   -4.72500   -5.77500   0.528137   0.095000  -0.630000  -0.770000
27    6.49500   -1.15500   -3.57000   0.530543   0.866000  -0.154000  -0.476000
28    1.15500    3.57000   -6.49500   0.530543   0.154000  0.476000  -0.866000
29   -5.77500    0.71250   -4.72500   0.528137   -0.770000  0.095000  -0.630000
30   -4.72500   -5.77500   -0.71250   0.528137   -0.630000  -0.770000  -0.095000
31    6.02250    0.00000    4.47000   0.476059   0.803000  0.000000  0.596000
32    4.09500    6.25500    0.60750   0.476807   0.546000  0.834000  0.081000
33   -3.48750    6.63000    0.37500   0.476158   -0.465000  0.884000  0.050000
34   -6.25500    0.60750    4.09500   0.476807   -0.834000  0.081000  0.546000
35   -0.37500   -3.48750    6.63000   0.476158   -0.050000  -0.465000  0.884000
36    3.48750   -6.63000    0.37500   0.476158   0.465000  -0.884000  0.050000
37    6.25500   -0.60750    4.09500   0.476807   0.834000  -0.081000  0.546000
38    6.63000   -0.37500   -3.48750   0.476158   0.884000  -0.050000  -0.465000
39    4.47000    6.02250    0.00000   0.476059   0.596000  0.803000  0.000000
40    0.60750    4.09500   -6.25500   0.476807   0.081000  0.546000  -0.834000
41   -3.48750    6.63000   -0.37500   0.476158   -0.465000  0.884000  -0.050000
42   -6.25500    0.60750   -4.09500   0.476807   -0.834000  0.081000  -0.546000
43   -6.63000    0.37500    3.48750   0.476158   -0.884000  0.050000  0.465000
44   -4.47000   -6.02250    0.00000   0.476059   -0.596000  -0.803000  0.000000
45   -0.60750   -4.09500    6.25500   0.476807   -0.081000  -0.546000  0.834000
46    0.00000   -4.47000   -6.02250   0.476059   0.000000  -0.596000  -0.803000
47    6.25500   -0.60750   -4.09500   0.476807   0.834000  -0.081000  -0.546000
48    0.37500    3.48750   -6.63000   0.476158   0.050000  0.465000  -0.884000
49   -6.02250    0.00000   -4.47000   0.476059   -0.803000  0.000000  -0.596000
50   -4.09500   -6.25500   -0.60750   0.476807   -0.546000  -0.834000  -0.081000
51    4.89750    1.51500    5.47500   0.634249   0.653000  0.202000  0.730000
52    3.03000    6.41250    2.44500   0.633745   0.404000  0.855000  0.326000
53   -3.03000    6.41250    2.44500   0.633745   -0.404000  0.855000  0.326000
54   -4.89750    1.51500    5.47500   0.634249   -0.653000  0.202000  0.730000
55    0.00000   -1.51500    7.34250   0.635392   0.000000  -0.202000  0.979000
56    3.03000   -6.41250    2.44500   0.633745   0.404000  -0.855000  0.326000
57    4.89750   -1.51500    5.47500   0.634249   0.653000  -0.202000  0.730000
58    7.34250    0.00000   -1.51500   0.635392   0.979000  0.000000  -0.202000
59    5.47500    4.89750    1.51500   0.634249   0.730000  0.653000  0.202000
60    1.51500    5.47500   -4.89750   0.634249   0.202000  0.730000  -0.653000
61   -1.51500    7.34250    0.00000   0.635392   -0.202000  0.979000  0.000000
62   -6.41250    2.44500   -3.03000   0.633745   -0.855000  0.326000  -0.404000
63   -6.41250    2.44500    3.03000   0.633745   -0.855000  0.326000  0.404000
64   -5.47500   -4.89750    1.51500   0.634249   -0.730000  -0.653000  0.202000
65   -2.44500   -3.03000    6.41250   0.633745   -0.326000  -0.404000  0.855000
66    1.51500   -5.47500   -4.89750   0.634249   0.202000  -0.730000  -0.653000
67    6.41250   -2.44500   -3.03000   0.633745   0.855000  -0.326000  -0.404000
68    2.44500    3.03000   -6.41250   0.633745   0.326000  0.404000  -0.855000
69   -4.89750    1.51500   -5.47500   0.634249   -0.653000  0.202000  -0.730000
70   -5.47500   -4.89750   -1.51500   0.634249   -0.730000  -0.653000  -0.202000
71    5.27250    0.75000    5.28000   0.593223   0.703000  0.100000  0.704000
72    3.66000    6.27000    1.87500   0.591742   0.488000  0.836000  0.250000
73   -3.00750    6.67500    1.62000   0.591232   -0.401000  0.890000  0.216000
74   -5.52000    1.41000    4.87500   0.591109   -0.736000  0.188000  0.650000
75   -0.40500   -2.25750    7.14000   0.592311   -0.054000  -0.301000  0.952000
76    3.00750   -6.67500    1.62000   0.591232   0.401000  -0.890000  0.216000
77    5.52000   -1.41000    4.87500   0.591109   0.736000  -0.188000  0.650000
78    7.14000   -0.40500   -2.25750   0.592311   0.952000  -0.054000  -0.301000
79    5.28000    5.27250    0.75000   0.593223   0.704000  0.703000  0.100000
80    1.41000    4.87500   -5.52000   0.591109   0.188000  0.650000  -0.736000
81   -2.25750    7.14000   -0.40500   0.592311   -0.301000  0.952000  -0.054000
82   -6.27000    1.87500   -3.66000   0.591742   -0.836000  0.250000  -0.488000
83   -6.67500    1.62000    3.00750   0.591232   -0.890000  0.216000  0.401000
84   -5.28000   -5.27250    0.75000   0.593223   -0.704000  -0.703000  0.100000
85   -1.87500   -3.66000    6.27000   0.591742   -0.250000  -0.488000  0.836000
86    0.75000   -5.28000   -5.27250   0.593223   0.100000  -0.704000  -0.703000
87    6.27000   -1.87500   -3.66000   0.591742   0.836000  -0.250000  -0.488000
88    1.62000    3.00750   -6.67500   0.591232   0.216000  0.401000  -0.890000
89   -5.27250    0.75000   -5.28000   0.593223   -0.703000  0.100000  -0.704000
90   -4.87500   -5.52000   -1.41000   0.591109   -0.650000  -0.736000  -0.188000
91    5.56500    0.00000    5.02500   0.552673   0.742000  0.000000  0.670000
92    4.23750    6.05250    1.28250   0.557325   0.565000  0.807000  0.171000
93   -2.94750    6.84750    0.79500   0.553999   -0.393000  0.913000  0.106000
94   -6.05250    1.28250    4.23750   0.557325   -0.807000  0.171000  0.565000
95   -0.79500   -2.94750    6.84750   0.553999   -0.106000  -0.393000  0.913000
96    2.94750   -6.84750    0.79500   0.553999   0.393000  -0.913000  0.106000
97    6.05250   -1.28250    4.23750   0.557325   0.807000  -0.171000  0.565000
98    6.84750   -0.79500   -2.94750   0.553999   0.913000  -0.106000  -0.393000
99    5.02500    5.56500    0.00000   0.552673   0.670000  0.742000  0.000000
100    1.28250    4.23750   -6.05250   0.557325   0.171000  0.565000  -0.807000
101   -2.94750    6.84750   -0.79500   0.553999   -0.393000  0.913000  -0.106000
102   -6.05250    1.28250   -4.23750   0.557325   -0.807000  0.171000  -0.565000
103   -6.84750    0.79500    2.94750   0.553999   -0.913000  0.106000  0.393000
104   -5.02500   -5.56500    0.00000   0.552673   -0.670000  -0.742000  0.000000
105   -1.28250   -4.23750    6.05250   0.557325   -0.171000  -0.565000  0.807000
106    0.00000   -5.02500   -5.56500   0.552673   0.000000  -0.670000  -0.742000
107    6.05250   -1.28250   -4.23750   0.557325   0.807000  -0.171000  -0.565000
108    0.79500    2.94750   -6.84750   0.553999   0.106000  0.393000  -0.913000
109   -5.56500    0.00000   -5.02500   0.552673   -0.742000  0.000000  -0.670000
110   -4.23750   -6.05250   -1.28250   0.557325   -0.565000  -0.807000  -0.171000
111    2.85750   -6.93750    0.00000   0.527957   0.381000  -0.925000  0.000000
112    6.49500   -1.15500    3.57000   0.530543   0.866000  -0.154000  0.476000
113    4.72500    5.77500   -0.71250   0.528137   0.630000  0.770000  -0.095000
114   -3.57000    6.49500   -1.15500   0.530543   -0.476000  0.866000  -0.154000
115   -6.93750    0.00000    2.85750   0.527957   -0.925000  0.000000  0.381000
116   -0.71250   -4.72500    5.77500   0.528137   -0.095000  -0.630000  0.770000
117   -0.71250   -4.72500   -5.77500   0.528137   -0.095000  -0.630000  -0.770000
118    5.77500   -0.71250   -4.72500   0.528137   0.770000  -0.095000  -0.630000
119    0.00000    2.85750   -6.93750   0.527957   0.000000  0.381000  -0.925000
120   -5.77500   -0.71250   -4.72500   0.528137   -0.770000  -0.095000  -0.630000
121   -3.57000   -6.49500   -1.15500   0.530543   -0.476000  -0.866000  -0.154000
122    3.75000    2.31750    6.06750   0.672763   0.500000  0.309000  0.809000
123    2.31750    6.06750    3.75000   0.672763   0.309000  0.809000  0.500000
124   -2.31750    6.06750    3.75000   0.672763   -0.309000  0.809000  0.500000
125   -3.75000    2.31750    6.06750   0.672763   -0.500000  0.309000  0.809000
126    0.00000    0.00000    7.50000   0.668491   0.000000  0.000000  1.000000
127    2.31750   -6.06750    3.75000   0.672763   0.309000  -0.809000  0.500000
128    3.75000   -2.31750    6.06750   0.672763   0.500000  -0.309000  0.809000
129    7.50000    0.00000    0.00000   0.668491   1.000000  0.000000  0.000000
130    6.06750    3.75000    2.31750   0.672763   0.809000  0.500000  0.309000
131    2.31750    6.06750   -3.75000   0.672763   0.309000  0.809000  -0.500000
132    0.00000    7.50000    0.00000   0.668491   0.000000  1.000000  0.000000
133   -6.06750    3.75000   -2.31750   0.672763   -0.809000  0.500000  -0.309000
134   -6.06750    3.75000    2.31750   0.672763   -0.809000  0.500000  0.309000
135   -6.06750   -3.75000    2.31750   0.672763   -0.809000  -0.500000  0.309000
136   -3.75000   -2.31750    6.06750   0.672763   -0.500000  -0.309000  0.809000
137    2.31750   -6.06750   -3.75000   0.672763   0.309000  -0.809000  -0.500000
138    6.06750   -3.75000   -2.31750   0.672763   0.809000  -0.500000  -0.309000
139    3.75000    2.31750   -6.06750   0.672763   0.500000  0.309000  -0.809000
140   -3.75000    2.31750   -6.06750   0.672763   -0.500000  0.309000  -0.809000
141   -6.06750   -3.75000   -2.31750   0.672763   -0.809000  -0.500000  -0.309000
142    4.23000    1.56750    5.99250   0.669502   0.564000  0.209000  0.799000
143    3.03750    6.05250    3.21750   0.671464   0.405000  0.807000  0.429000
144   -2.34750    6.48000    2.96250   0.671943   -0.313000  0.864000  0.395000
145   -4.48500    2.25000    5.57250   0.670622   -0.598000  0.300000  0.743000
146   -0.42000   -0.78000    7.44750   0.669438   -0.056000  -0.104000  0.993000
147    2.34750   -6.48000    2.96250   0.671943   0.313000  -0.864000  0.395000
148    4.48500   -2.25000    5.57250   0.670622   0.598000  -0.300000  0.743000
149    7.44750   -0.42000   -0.78000   0.669438   0.993000  -0.056000  -0.104000
150    5.99250    4.23000    1.56750   0.669502   0.799000  0.564000  0.209000
151    2.25000    5.57250   -4.48500   0.670622   0.300000  0.743000  -0.598000
152   -0.78000    7.44750   -0.42000   0.669438   -0.104000  0.993000  -0.056000
153   -6.05250    3.21750   -3.03750   0.671464   -0.807000  0.429000  -0.405000
154   -6.48000    2.96250    2.34750   0.671943   -0.864000  0.395000  0.313000
155   -5.99250   -4.23000    1.56750   0.669502   -0.799000  -0.564000  0.209000
156   -3.21750   -3.03750    6.05250   0.671464   -0.429000  -0.405000  0.807000
157    1.56750   -5.99250   -4.23000   0.669502   0.209000  -0.799000  -0.564000
158    6.05250   -3.21750   -3.03750   0.671464   0.807000  -0.429000  -0.405000
159    2.96250    2.34750   -6.48000   0.671943   0.395000  0.313000  -0.864000
160   -4.23000    1.56750   -5.99250   0.669502   -0.564000  0.209000  -0.799000
161   -5.57250   -4.48500   -2.25000   0.670622   -0.743000  -0.598000  -0.300000
162    4.65000    0.78000    5.83500   0.667277   0.620000  0.104000  0.778000
163    3.72000    5.95500    2.63250   0.663490   0.496000  0.794000  0.351000
164   -2.34750    6.80250    2.11500   0.665368   -0.313000  0.907000  0.282000
165   -5.17500    2.15250    4.98750   0.666338   -0.690000  0.287000  0.665000
166   -0.84750   -1.56750    7.28250   0.667927   -0.113000  -0.209000  0.971000
167    2.34750   -6.80250    2.11500   0.665368   0.313000  -0.907000  0.282000
168    5.17500   -2.15250    4.98750   0.666338   0.690000  -0.287000  0.665000
169    7.28250   -0.84750   -1.56750   0.667927   0.971000  -0.113000  -0.209000
170    5.83500    4.65000    0.78000   0.667277   0.778000  0.620000  0.104000
171    2.15250    4.98750   -5.17500   0.666338   0.287000  0.665000  -0.690000
172   -1.56750    7.28250   -0.84750   0.667927   -0.209000  0.971000  -0.113000
173   -5.95500    2.63250   -3.72000   0.663490   -0.794000  0.351000  -0.496000
174   -6.80250    2.11500    2.34750   0.665368   -0.907000  0.282000  0.313000
175   -5.83500   -4.65000    0.78000   0.667277   -0.778000  -0.620000  0.104000
176   -2.63250   -3.72000    5.95500   0.663490   -0.351000  -0.496000  0.794000
177    0.78000   -5.83500   -4.65000   0.667277   0.104000  -0.778000  -0.620000
178    5.95500   -2.63250   -3.72000   0.663490   0.794000  -0.351000  -0.496000
179    2.11500    2.34750   -6.80250   0.665368   0.282000  0.313000  -0.907000
180   -4.65000    0.78000   -5.83500   0.667277   -0.620000  0.104000  -0.778000
181   -4.98750   -5.17500   -2.15250   0.666338   -0.665000  -0.690000  -0.287000
182    5.00250    0.00000    5.58750   0.638396   0.667000  0.000000  0.745000
183    4.34250    5.77500    2.02500   0.636585   0.579000  0.770000  0.270000
184   -2.31750    7.02000    1.25250   0.638304   -0.309000  0.936000  0.167000
185   -5.77500    2.02500    4.34250   0.636585   -0.770000  0.270000  0.579000
186   -1.25250   -2.31750    7.02000   0.638304   -0.167000  -0.309000  0.936000
187    2.31750   -7.02000    1.25250   0.638304   0.309000  -0.936000  0.167000
188    5.77500   -2.02500    4.34250   0.636585   0.770000  -0.270000  0.579000
189    7.02000   -1.25250   -2.31750   0.638304   0.936000  -0.167000  -0.309000
190    5.58750    5.00250    0.00000   0.638396   0.745000  0.667000  0.000000
191    2.02500    4.34250   -5.77500   0.636585   0.270000  0.579000  -0.770000
192   -2.31750    7.02000   -1.25250   0.638304   -0.309000  0.936000  -0.167000
193   -5.77500    2.02500   -4.34250   0.636585   -0.770000  0.270000  -0.579000
194   -7.02000    1.25250    2.31750   0.638304   -0.936000  0.167000  0.309000
195   -5.58750   -5.00250    0.00000   0.638396   -0.745000  -0.667000  0.000000
196   -2.02500   -4.34250    5.77500   0.636585   -0.270000  -0.579000  0.770000
197    0.00000   -5.58750   -5.00250   0.638396   0.000000  -0.745000  -0.667000
198    5.77500   -2.02500   -4.34250   0.636585   0.770000  -0.270000  -0.579000
199    1.25250    2.31750   -7.02000   0.638304   0.167000  0.309000  -0.936000
200   -5.00250    0.00000   -5.58750   0.638396   -0.667000  0.000000  -0.745000
201   -4.34250   -5.77500   -2.02500   0.636585   -0.579000  -0.770000  -0.270000
202    5.27250   -0.75000    5.28000   0.593223   0.703000  -0.100000  0.704000
203    4.87500    5.52000    1.41000   0.591109   0.650000  0.736000  0.188000
204   -2.25750    7.14000    0.40500   0.592311   -0.301000  0.952000  0.054000
205   -6.27000    1.87500    3.66000   0.591742   -0.836000  0.250000  0.488000
206   -1.62000   -3.00750    6.67500   0.591232   -0.216000  -0.401000  0.890000
207    2.25750   -7.14000    0.40500   0.592311   0.301000  -0.952000  0.054000
208    6.27000   -1.87500    3.66000   0.591742   0.836000  -0.250000  0.488000
209    6.67500   -1.62000   -3.00750   0.591232   0.890000  -0.216000  -0.401000
210    5.28000    5.27250   -0.75000   0.593223   0.704000  0.703000  -0.100000
211    1.87500    3.66000   -6.27000   0.591742   0.250000  0.488000  -0.836000
212   -3.00750    6.67500   -1.62000   0.591232   -0.401000  0.890000  -0.216000
213   -5.52000    1.41000   -4.87500   0.591109   -0.736000  0.188000  -0.650000
214   -7.14000    0.40500    2.25750   0.592311   -0.952000  0.054000  0.301000
215   -5.28000   -5.27250   -0.75000   0.593223   -0.704000  -0.703000  -0.100000
216   -1.41000   -4.87500    5.52000   0.591109   -0.188000  -0.650000  0.736000
217   -0.75000   -5.28000   -5.27250   0.593223   -0.100000  -0.704000  -0.703000
218    5.52000   -1.41000   -4.87500   0.591109   0.736000  -0.188000  -0.650000
219    0.40500    2.25750   -7.14000   0.592311   0.054000  0.301000  -0.952000
220   -5.27250   -0.75000   -5.28000   0.593223   -0.703000  -0.100000  -0.704000
221   -3.66000   -6.27000   -1.87500   0.591742   -0.488000  -0.836000  -0.250000
222    2.44500    3.03000    6.41250   0.633745   0.326000  0.404000  0.855000
223    1.51500    5.47500    4.89750   0.634249   0.202000  0.730000  0.653000
224   -1.51500    5.47500    4.89750   0.634249   -0.202000  0.730000  0.653000
225   -2.44500    3.03000    6.41250   0.633745   -0.326000  0.404000  0.855000
226    0.00000    1.51500    7.34250   0.635392   0.000000  0.202000  0.979000
227    1.51500   -5.47500    4.89750   0.634249   0.202000  -0.730000  0.653000
228    2.44500   -3.03000    6.41250   0.633745   0.326000  -0.404000  0.855000
229    7.34250    0.00000    1.51500   0.635392   0.979000  0.000000  0.202000
230    6.41250    2.44500    3.03000   0.633745   0.855000  0.326000  0.404000
231    3.03000    6.41250   -2.44500   0.633745   0.404000  0.855000  -0.326000
232    1.51500    7.34250    0.00000   0.635392   0.202000  0.979000  0.000000
233   -5.47500    4.89750   -1.51500   0.634249   -0.730000  0.653000  -0.202000
234   -5.47500    4.89750    1.51500   0.634249   -0.730000  0.653000  0.202000
235   -6.41250   -2.44500    3.03000   0.633745   -0.855000  -0.326000  0.404000
236   -4.89750   -1.51500    5.47500   0.634249   -0.653000  -0.202000  0.730000
237    3.03000   -6.41250   -2.44500   0.633745   0.404000  -0.855000  -0.326000
238    5.47500   -4.89750   -1.51500   0.634249   0.730000  -0.653000  -0.202000
239    4.89750    1.51500   -5.47500   0.634249   0.653000  0.202000  -0.730000
240   -2.44500    3.03000   -6.41250   0.633745   -0.326000  0.404000  -0.855000
241   -6.41250   -2.44500   -3.03000   0.633745   -0.855000  -0.326000  -0.404000
242    2.96250    2.34750    6.48000   0.671943   0.395000  0.313000  0.864000
243    2.25000    5.57250    4.48500   0.670622   0.300000  0.743000  0.598000
244   -1.56750    5.99250    4.23000   0.669502   -0.209000  0.799000  0.564000
245   -3.21750    3.03750    6.05250   0.671464   -0.429000  0.405000  0.807000
246   -0.42000    0.78000    7.44750   0.669438   -0.056000  0.104000  0.993000
247    1.56750   -5.99250    4.23000   0.669502   0.209000  -0.799000  0.564000
248    3.21750   -3.03750    6.05250   0.671464   0.429000  -0.405000  0.807000
249    7.44750   -0.42000    0.78000   0.669438   0.993000  -0.056000  0.104000
250    6.48000    2.96250    2.34750   0.671943   0.864000  0.395000  0.313000
251    3.03750    6.05250   -3.21750   0.671464   0.405000  0.807000  -0.429000
252    0.78000    7.44750   -0.42000   0.669438   0.104000  0.993000  -0.056000
253   -5.57250    4.48500   -2.25000   0.670622   -0.743000  0.598000  -0.300000
254   -5.99250    4.23000    1.56750   0.669502   -0.799000  0.564000  0.209000
255   -6.48000   -2.96250    2.34750   0.671943   -0.864000  -0.395000  0.313000
256   -4.48500   -2.25000    5.57250   0.670622   -0.598000  -0.300000  0.743000
257    2.34750   -6.48000   -2.96250   0.671943   0.313000  -0.864000  -0.395000
258    5.57250   -4.48500   -2.25000   0.670622   0.743000  -0.598000  -0.300000
259    4.23000    1.56750   -5.99250   0.669502   0.564000  0.209000  -0.799000
260   -2.96250    2.34750   -6.48000   0.671943   -0.395000  0.313000  -0.864000
261   -6.05250   -3.21750   -3.03750   0.671464   -0.807000  -0.429000  -0.405000
262    3.45750    1.60500    6.45750   0.711038   0.461000  0.214000  0.861000
263    3.00000    5.59500    3.99000   0.710360   0.400000  0.746000  0.532000
264   -1.60500    6.45750    3.45750   0.711038   -0.214000  0.861000  0.461000
265   -3.99000    3.00000    5.59500   0.710360   -0.532000  0.400000  0.746000
266   -0.86250   -0.00000    7.44750   0.710249   -0.115000  -0.000000  0.993000
267    1.60500   -6.45750    3.45750   0.711038   0.214000  -0.861000  0.461000
268    3.99000   -3.00000    5.59500   0.710360   0.532000  -0.400000  0.746000
269    7.44750   -0.86250   -0.00000   0.710249   0.993000  -0.115000  -0.000000
270    6.45750    3.45750    1.60500   0.711038   0.861000  0.461000  0.214000
271    3.00000    5.59500   -3.99000   0.710360   0.400000  0.746000  -0.532000
272   -0.00000    7.44750   -0.86250   0.710249   -0.000000  0.993000  -0.115000
273   -5.59500    3.99000   -3.00000   0.710360   -0.746000  0.532000  -0.400000
274   -6.45750    3.45750    1.60500   0.711038   -0.861000  0.461000  0.214000
275   -6.45750   -3.45750    1.60500   0.711038   -0.861000  -0.461000  0.214000
276   -3.99000   -3.00000    5.59500   0.710360   -0.532000  -0.400000  0.746000
277    1.60500   -6.45750   -3.45750   0.711038   0.214000  -0.861000  -0.461000
278    5.59500   -3.99000   -3.00000   0.710360   0.746000  -0.532000  -0.400000
279    3.45750    1.60500   -6.45750   0.711038   0.461000  0.214000  -0.861000
280   -3.45750    1.60500   -6.45750   0.711038   -0.461000  0.214000  -0.861000
281   -5.59500   -3.99000   -3.00000   0.710360   -0.746000  -0.532000  -0.400000
282    3.92250    0.81000    6.34500   0.727577   0.523000  0.108000  0.846000
283    3.72750    5.53500    3.42000   0.728290   0.497000  0.738000  0.456000
284   -1.61250    6.84000    2.61000   0.725270   -0.215000  0.912000  0.348000
285   -4.72500    2.92500    5.03250   0.726391   -0.630000  0.390000  0.671000
286   -1.30500   -0.81000    7.34250   0.728830   -0.174000  -0.108000  0.979000
287    1.61250   -6.84000    2.61000   0.725270   0.215000  -0.912000  0.348000
288    4.72500   -2.92500    5.03250   0.726391   0.630000  -0.390000  0.671000
289    7.34250   -1.30500   -0.81000   0.728830   0.979000  -0.174000  -0.108000
290    6.34500    3.92250    0.81000   0.727577   0.846000  0.523000  0.108000
291    2.92500    5.03250   -4.72500   0.726391   0.390000  0.671000  -0.630000
292   -0.81000    7.34250   -1.30500   0.728830   -0.108000  0.979000  -0.174000
293   -5.53500    3.42000   -3.72750   0.728290   -0.738000  0.456000  -0.497000
294   -6.84000    2.61000    1.61250   0.725270   -0.912000  0.348000  0.215000
295   -6.34500   -3.92250    0.81000   0.727577   -0.846000  -0.523000  0.108000
296   -3.42000   -3.72750    5.53500   0.728290   -0.456000  -0.497000  0.738000
297    0.81000   -6.34500   -3.92250   0.727577   0.108000  -0.846000  -0.523000
298    5.53500   -3.42000   -3.72750   0.728290   0.738000  -0.456000  -0.497000
299    2.61000    1.61250   -6.84000   0.725270   0.348000  0.215000  -0.912000
300   -3.92250    0.81000   -6.34500   0.727577   -0.523000  0.108000  -0.846000
301   -5.03250   -4.72500   -2.92500   0.726391   -0.671000  -0.630000  -0.390000
302    4.32000    0.00000    6.12750   0.710716   0.576000  0.000000  0.817000
303    4.40250    5.39250    2.79750   0.710139   0.587000  0.719000  0.373000
304   -1.60500    7.11750    1.73250   0.708645   -0.214000  0.949000  0.231000
305   -5.39250    2.79750    4.40250   0.710139   -0.719000  0.373000  0.587000
306   -1.73250   -1.60500    7.11750   0.708645   -0.231000  -0.214000  0.949000
307    1.60500   -7.11750    1.73250   0.708645   0.214000  -0.949000  0.231000
308    5.39250   -2.79750    4.40250   0.710139   0.719000  -0.373000  0.587000
309    7.11750   -1.73250   -1.60500   0.708645   0.949000  -0.231000  -0.214000
310    6.12750    4.32000    0.00000   0.710716   0.817000  0.576000  0.000000
311    2.79750    4.40250   -5.39250   0.710139   0.373000  0.587000  -0.719000
312   -1.60500    7.11750   -1.73250   0.708645   -0.214000  0.949000  -0.231000
313   -5.39250    2.79750   -4.40250   0.710139   -0.719000  0.373000  -0.587000
314   -7.11750    1.73250    1.60500   0.708645   -0.949000  0.231000  0.214000
315   -6.12750   -4.32000    0.00000   0.710716   -0.817000  -0.576000  0.000000
316   -2.79750   -4.40250    5.39250   0.710139   -0.373000  -0.587000  0.719000
317    0.00000   -6.12750   -4.32000   0.710716   0.000000  -0.817000  -0.576000
318    5.39250   -2.79750   -4.40250   0.710139   0.719000  -0.373000  -0.587000
319    1.73250    1.60500   -7.11750   0.708645   0.231000  0.214000  -0.949000
320   -4.32000    0.00000   -6.12750   0.710716   -0.576000  0.000000  -0.817000
321   -4.40250   -5.39250   -2.79750   0.710139   -0.587000  -0.719000  -0.373000
322    4.65000   -0.78000    5.83500   0.667277   0.620000  -0.104000  0.778000
323    4.98750    5.17500    2.15250   0.666338   0.665000  0.690000  0.287000
324   -1.56750    7.28250    0.84750   0.667927   -0.209000  0.971000  0.113000
325   -5.95500    2.63250    3.72000   0.663490   -0.794000  0.351000  0.496000
326   -2.11500   -2.34750    6.80250   0.665368   -0.282000  -0.313000  0.907000
327    1.56750   -7.28250    0.84750   0.667927   0.209000  -0.971000  0.113000
328    5.95500   -2.63250    3.72000   0.663490   0.794000  -0.351000  0.496000
329    6.80250   -2.11500   -2.34750   0.665368   0.907000  -0.282000  -0.313000
330    5.83500    4.65000   -0.78000   0.667277   0.778000  0.620000  -0.104000
331    2.63250    3.72000   -5.95500   0.663490   0.351000  0.496000  -0.794000
332   -2.34750    6.80250   -2.11500   0.665368   -0.313000  0.907000  -0.282000
333   -5.17500    2.15250   -4.98750   0.666338   -0.690000  0.287000  -0.665000
334   -7.28250    0.84750    1.56750   0.667927   -0.971000  0.113000  0.209000
335   -5.83500   -4.65000   -0.78000   0.667277   -0.778000  -0.620000  -0.104000
336   -2.15250   -4.98750    5.17500   0.666338   -0.287000  -0.665000  0.690000
337   -0.78000   -5.83500   -4.65000   0.667277   -0.104000  -0.778000  -0.620000
338    5.17500   -2.15250   -4.98750   0.666338   0.690000  -0.287000  -0.665000
339    0.84750    1.56750   -7.28250   0.667927   0.113000  0.209000  -0.971000
340   -4.65000   -0.78000   -5.83500   0.667277   -0.620000  -0.104000  -0.778000
341   -3.72000   -5.95500   -2.63250   0.663490   -0.496000  -0.794000  -0.351000
342    1.51500   -7.34250    0.00000   0.635392   0.202000  -0.979000  0.000000
343    6.41250   -2.44500    3.03000   0.633745   0.855000  -0.326000  0.404000
344    5.47500    4.89750   -1.51500   0.634249   0.730000  0.653000  -0.202000
345   -3.03000    6.41250   -2.44500   0.633745   -0.404000  0.855000  -0.326000
346   -7.34250    0.00000    1.51500   0.635392   -0.979000  0.000000  0.202000
347   -1.51500   -5.47500    4.89750   0.634249   -0.202000  -0.730000  0.653000
348   -1.51500   -5.47500   -4.89750   0.634249   -0.202000  -0.730000  -0.653000
349    4.89750   -1.51500   -5.47500   0.634249   0.653000  -0.202000  -0.730000
350    0.00000    1.51500   -7.34250   0.635392   0.000000  0.202000  -0.979000
351   -4.89750   -1.51500   -5.47500   0.634249   -0.653000  -0.202000  -0.730000
352   -3.03000   -6.41250   -2.44500   0.633745   -0.404000  -0.855000  -0.326000
353    1.15500    3.57000    6.49500   0.530543   0.154000  0.476000  0.866000
354    0.71250    4.72500    5.77500   0.528137   0.095000  0.630000  0.770000
355   -0.71250    4.72500    5.77500   0.528137   -0.095000  0.630000  0.770000
356   -1.15500    3.57000    6.49500   0.530543   -0.154000  0.476000  0.866000
357    0.00000    2.85750    6.93750   0.527957   0.000000  0.381000  0.925000
358    0.71250   -4.72500    5.77500   0.528137   0.095000  -0.630000  0.770000
359    1.15500   -3.57000    6.49500   0.530543   0.154000  -0.476000  0.866000
360    6.93750    0.00000    2.85750   0.527957   0.925000  0.000000  0.381000
361    6.49500    1.15500    3.57000   0.530543   0.866000  0.154000  0.476000
362    3.57000    6.49500   -1.15500   0.530543   0.476000  0.866000  -0.154000
363    2.85750    6.93750    0.00000   0.527957   0.381000  0.925000  0.000000
364   -4.72500    5.77500   -0.71250   0.528137   -0.630000  0.770000  -0.095000
365   -4.72500    5.77500    0.71250   0.528137   -0.630000  0.770000  0.095000
366   -6.49500   -1.15500    3.57000   0.530543   -0.866000  -0.154000  0.476000
367   -5.77500   -0.71250    4.72500   0.528137   -0.770000  -0.095000  0.630000
368    3.57000   -6.49500   -1.15500   0.530543   0.476000  -0.866000  -0.154000
369    4.72500   -5.77500   -0.71250   0.528137   0.630000  -0.770000  -0.095000
370    5.77500    0.71250   -4.72500   0.528137   0.770000  0.095000  -0.630000
371   -1.15500    3.57000   -6.49500   0.530543   -0.154000  0.476000  -0.866000
372   -6.49500   -1.15500   -3.57000   0.530543   -0.866000  -0.154000  -0.476000
373    1.62000    3.00750    6.67500   0.591232   0.216000  0.401000  0.890000
374    1.41000    4.87500    5.52000   0.591109   0.188000  0.650000  0.736000
375   -0.75000    5.28000    5.27250   0.593223   -0.100000  0.704000  0.703000
376   -1.87500    3.66000    6.27000   0.591742   -0.250000  0.488000  0.836000
377   -0.40500    2.25750    7.14000   0.592311   -0.054000  0.301000  0.952000
378    0.75000   -5.28000    5.27250   0.593223   0.100000  -0.704000  0.703000
379    1.87500   -3.66000    6.27000   0.591742   0.250000  -0.488000  0.836000
380    7.14000   -0.40500    2.25750   0.592311   0.952000  -0.054000  0.301000
381    6.67500    1.62000    3.00750   0.591232   0.890000  0.216000  0.401000
382    3.66000    6.27000   -1.87500   0.591742   0.488000  0.836000  -0.250000
383    2.25750    7.14000   -0.40500   0.592311   0.301000  0.952000  -0.054000
384   -4.87500    5.52000   -1.41000   0.591109   -0.650000  0.736000  -0.188000
385   -5.28000    5.27250    0.75000   0.593223   -0.704000  0.703000  0.100000
386   -6.67500   -1.62000    3.00750   0.591232   -0.890000  -0.216000  0.401000
387   -5.52000   -1.41000    4.87500   0.591109   -0.736000  -0.188000  0.650000
388    3.00750   -6.67500   -1.62000   0.591232   0.401000  -0.890000  -0.216000
389    4.87500   -5.52000   -1.41000   0.591109   0.650000  -0.736000  -0.188000
390    5.27250    0.75000   -5.28000   0.593223   0.703000  0.100000  -0.704000
391   -1.62000    3.00750   -6.67500   0.591232   -0.216000  0.401000  -0.890000
392   -6.27000   -1.87500   -3.66000   0.591742   -0.836000  -0.250000  -0.488000
393    2.11500    2.34750    6.80250   0.665368   0.282000  0.313000  0.907000
394    2.15250    4.98750    5.17500   0.666338   0.287000  0.665000  0.690000
395   -0.78000    5.83500    4.65000   0.667277   -0.104000  0.778000  0.620000
396   -2.63250    3.72000    5.95500   0.663490   -0.351000  0.496000  0.794000
397   -0.84750    1.56750    7.28250   0.667927   -0.113000  0.209000  0.971000
398    0.78000   -5.83500    4.65000   0.667277   0.104000  -0.778000  0.620000
399    2.63250   -3.72000    5.95500   0.663490   0.351000  -0.496000  0.794000
400    7.28250   -0.84750    1.56750   0.667927   0.971000  -0.113000  0.209000
401    6.80250    2.11500    2.34750   0.665368   0.907000  0.282000  0.313000
402    3.72000    5.95500   -2.63250   0.663490   0.496000  0.794000  -0.351000
403    1.56750    7.28250   -0.84750   0.667927   0.209000  0.971000  -0.113000
404   -4.98750    5.17500   -2.15250   0.666338   -0.665000  0.690000  -0.287000
405   -5.83500    4.65000    0.78000   0.667277   -0.778000  0.620000  0.104000
406   -6.80250   -2.11500    2.34750   0.665368   -0.907000  -0.282000  0.313000
407   -5.17500   -2.15250    4.98750   0.666338   -0.690000  -0.287000  0.665000
408    2.34750   -6.80250   -2.11500   0.665368   0.313000  -0.907000  -0.282000
409    4.98750   -5.17500   -2.15250   0.666338   0.665000  -0.690000  -0.287000
410    4.65000    0.78000   -5.83500   0.667277   0.620000  0.104000  -0.778000
411   -2.11500    2.34750   -6.80250   0.665368   -0.282000  0.313000  -0.907000
412   -5.95500   -2.63250   -3.72000   0.663490   -0.794000  -0.351000  -0.496000
413    2.61000    1.61250    6.84000   0.725270   0.348000  0.215000  0.912000
414    2.92500    5.03250    4.72500   0.726391   0.390000  0.671000  0.630000
415   -0.81000    6.34500    3.92250   0.727577   -0.108000  0.846000  0.523000
416   -3.42000    3.72750    5.53500   0.728290   -0.456000  0.497000  0.738000
417   -1.30500    0.81000    7.34250   0.728830   -0.174000  0.108000  0.979000
418    0.81000   -6.34500    3.92250   0.727577   0.108000  -0.846000  0.523000
419    3.42000   -3.72750    5.53500   0.728290   0.456000  -0.497000  0.738000
420    7.34250   -1.30500    0.81000   0.728830   0.979000  -0.174000  0.108000
421    6.84000    2.61000    1.61250   0.725270   0.912000  0.348000  0.215000
422    3.72750    5.53500   -3.42000   0.728290   0.497000  0.738000  -0.456000
423    0.81000    7.34250   -1.30500   0.728830   0.108000  0.979000  -0.174000
424   -5.03250    4.72500   -2.92500   0.726391   -0.671000  0.630000  -0.390000
425   -6.34500    3.92250    0.81000   0.727577   -0.846000  0.523000  0.108000
426   -6.84000   -2.61000    1.61250   0.725270   -0.912000  -0.348000  0.215000
427   -4.72500   -2.92500    5.03250   0.726391   -0.630000  -0.390000  0.671000
428    1.61250   -6.84000   -2.61000   0.725270   0.215000  -0.912000  -0.348000
429    5.03250   -4.72500   -2.92500   0.726391   0.671000  -0.630000  -0.390000
430    3.92250    0.81000   -6.34500   0.727577   0.523000  0.108000  -0.846000
431   -2.61000    1.61250   -6.84000   0.725270   -0.348000  0.215000  -0.912000
432   -5.53500   -3.42000   -3.72750   0.728290   -0.738000  -0.456000  -0.497000
433    3.09750    0.81750    6.78000   0.761203   0.413000  0.109000  0.904000
434    3.68250    5.01000    4.19250   0.760514   0.491000  0.668000  0.559000
435   -0.81750    6.78000    3.09750   0.761203   -0.109000  0.904000  0.413000
436   -4.19250    3.68250    5.01000   0.760514   -0.559000  0.491000  0.668000
437   -1.77000    0.00000    7.29000   0.762548   -0.236000  0.000000  0.972000
438    0.81750   -6.78000    3.09750   0.761203   0.109000  -0.904000  0.413000
439    4.19250   -3.68250    5.01000   0.760514   0.559000  -0.491000  0.668000
440    7.29000   -1.77000    0.00000   0.762548   0.972000  -0.236000  0.000000
441    6.78000    3.09750    0.81750   0.761203   0.904000  0.413000  0.109000
442    3.68250    5.01000   -4.19250   0.760514   0.491000  0.668000  -0.559000
443    0.00000    7.29000   -1.77000   0.762548   0.000000  0.972000  -0.236000
444   -5.01000    4.19250   -3.68250   0.760514   -0.668000  0.559000  -0.491000
445   -6.78000    3.09750    0.81750   0.761203   -0.904000  0.413000  0.109000
446   -6.78000   -3.09750    0.81750   0.761203   -0.904000  -0.413000  0.109000
447   -4.19250   -3.68250    5.01000   0.760514   -0.559000  -0.491000  0.668000
448    0.81750   -6.78000   -3.09750   0.761203   0.109000  -0.904000  -0.413000
449    5.01000   -4.19250   -3.68250   0.760514   0.668000  -0.559000  -0.491000
450    3.09750    0.81750   -6.78000   0.761203   0.413000  0.109000  -0.904000
451   -3.09750    0.81750   -6.78000   0.761203   -0.413000  0.109000  -0.904000
452   -5.01000   -4.19250   -3.68250   0.760514   -0.668000  -0.559000  -0.491000
453    3.54000    0.00000    6.61500   0.760294   0.472000  0.000000  0.882000
454    4.40250    4.90500    3.57750   0.760327   0.587000  0.654000  0.477000
455   -0.81750    7.11750    2.21250   0.761114   -0.109000  0.949000  0.295000
456   -4.90500    3.57750    4.40250   0.760327   -0.654000  0.477000  0.587000
457   -2.21250   -0.81750    7.11750   0.761114   -0.295000  -0.109000  0.949000
458    0.81750   -7.11750    2.21250   0.761114   0.109000  -0.949000  0.295000
459    4.90500   -3.57750    4.40250   0.760327   0.654000  -0.477000  0.587000
460    7.11750   -2.21250   -0.81750   0.761114   0.949000  -0.295000  -0.109000
461    6.61500    3.54000    0.00000   0.760294   0.882000  0.472000  0.000000
462    3.57750    4.40250   -4.90500   0.760327   0.477000  0.587000  -0.654000
463   -0.81750    7.11750   -2.21250   0.761114   -0.109000  0.949000  -0.295000
464   -4.90500    3.57750   -4.40250   0.760327   -0.654000  0.477000  -0.587000
465   -7.11750    2.21250    0.81750   0.761114   -0.949000  0.295000  0.109000
466   -6.61500   -3.54000    0.00000   0.760294   -0.882000  -0.472000  0.000000
467   -3.57750   -4.40250    4.90500   0.760327   -0.477000  -0.587000  0.654000
468    0.00000   -6.61500   -3.54000   0.760294   0.000000  -0.882000  -0.472000
469    4.90500   -3.57750   -4.40250   0.760327   0.654000  -0.477000  -0.587000
470    2.21250    0.81750   -7.11750   0.761114   0.295000  0.109000  -0.949000
471   -3.54000    0.00000   -6.61500   0.760294   -0.472000  0.000000  -0.882000
472   -4.40250   -4.90500   -3.57750   0.760327   -0.587000  -0.654000  -0.477000
473    3.92250   -0.81000    6.34500   0.727577   0.523000  -0.108000  0.846000
474    5.03250    4.72500    2.92500   0.726391   0.671000  0.630000  0.390000
475   -0.81000    7.34250    1.30500   0.728830   -0.108000  0.979000  0.174000
476   -5.53500    3.42000    3.72750   0.728290   -0.738000  0.456000  0.497000
477   -2.61000   -1.61250    6.84000   0.725270   -0.348000  -0.215000  0.912000
478    0.81000   -7.34250    1.30500   0.728830   0.108000  -0.979000  0.174000
479    5.53500   -3.42000    3.72750   0.728290   0.738000  -0.456000  0.497000
480    6.84000   -2.61000   -1.61250   0.725270   0.912000  -0.348000  -0.215000
481    6.34500    3.92250   -0.81000   0.727577   0.846000  0.523000  -0.108000
482    3.42000    3.72750   -5.53500   0.728290   0.456000  0.497000  -0.738000
483   -1.61250    6.84000   -2.61000   0.725270   -0.215000  0.912000  -0.348000
484   -4.72500    2.92500   -5.03250   0.726391   -0.630000  0.390000  -0.671000
485   -7.34250    1.30500    0.81000   0.728830   -0.979000  0.174000  0.108000
486   -6.34500   -3.92250   -0.81000   0.727577   -0.846000  -0.523000  -0.108000
487   -2.92500   -5.03250    4.72500   0.726391   -0.390000  -0.671000  0.630000
488   -0.81000   -6.34500   -3.92250   0.727577   -0.108000  -0.846000  -0.523000
489    4.72500   -2.92500   -5.03250   0.726391   0.630000  -0.390000  -0.671000
490    1.30500    0.81000   -7.34250   0.728830   0.174000  0.108000  -0.979000
491   -3.92250   -0.81000   -6.34500   0.727577   -0.523000  -0.108000  -0.846000
492   -3.72750   -5.53500   -3.42000   0.728290   -0.497000  -0.738000  -0.456000
493    4.23000   -1.56750    5.99250   0.669502   0.564000  -0.209000  0.799000
494    5.57250    4.48500    2.25000   0.670622   0.743000  0.598000  0.300000
495   -0.78000    7.44750    0.42000   0.669438   -0.104000  0.993000  0.056000
496   -6.05250    3.21750    3.03750   0.671464   -0.807000  0.429000  0.405000
497   -2.96250   -2.34750    6.48000   0.671943   -0.395000  -0.313000  0.864000
498    0.78000   -7.44750    0.42000   0.669438   0.104000  -0.993000  0.056000
499    6.05250   -3.21750    3.03750   0.671464   0.807000  -0.429000  0.405000
500    6.48000   -2.96250   -2.34750   0.671943   0.864000  -0.395000  -0.313000
501    5.99250    4.23000   -1.56750   0.669502   0.799000  0.564000  -0.209000
502    3.21750    3.03750   -6.05250   0.671464   0.429000  0.405000  -0.807000
503   -2.34750    6.48000   -2.96250   0.671943   -0.313000  0.864000  -0.395000
504   -4.48500    2.25000   -5.57250   0.670622   -0.598000  0.300000  -0.743000
505   -7.44750    0.42000    0.78000   0.669438   -0.993000  0.056000  0.104000
506   -5.99250   -4.23000   -1.56750   0.669502   -0.799000  -0.564000  -0.209000
507   -2.25000   -5.57250    4.48500   0.670622   -0.300000  -0.743000  0.598000
508   -1.56750   -5.99250   -4.23000   0.669502   -0.209000  -0.799000  -0.564000
509    4.48500   -2.25000   -5.57250   0.670622   0.598000  -0.300000  -0.743000
510    0.42000    0.78000   -7.44750   0.669438   0.056000  0.104000  -0.993000
511   -4.23000   -1.56750   -5.99250   0.669502   -0.564000  -0.209000  -0.799000
512   -3.03750   -6.05250   -3.21750   0.671464   -0.405000  -0.807000  -0.429000
513    0.00000    3.94500    6.38250   0.323697   0.000000  0.526000  0.851000
514    0.37500    3.48750    6.63000   0.476158   0.050000  0.465000  0.884000
515    0.60750    4.09500    6.25500   0.476807   0.081000  0.546000  0.834000
516   -0.00000    4.47000    6.02250   0.476059   -0.000000  0.596000  0.803000
517   -0.60750    4.09500    6.25500   0.476807   -0.081000  0.546000  0.834000
518   -0.37500    3.48750    6.63000   0.476158   -0.050000  0.465000  0.884000
519    0.00000   -4.47000    6.02250   0.476059   0.000000  -0.596000  0.803000
520    0.60750   -4.09500    6.25500   0.476807   0.081000  -0.546000  0.834000
521    6.63000   -0.37500    3.48750   0.476158   0.884000  -0.050000  0.465000
522    6.63000    0.37500    3.48750   0.476158   0.884000  0.050000  0.465000
523    4.09500    6.25500   -0.60750   0.476807   0.546000  0.834000  -0.081000
524    3.48750    6.63000   -0.37500   0.476158   0.465000  0.884000  -0.050000
525   -4.09500    6.25500   -0.60750   0.476807   -0.546000  0.834000  -0.081000
526   -4.47000    6.02250    0.00000   0.476059   -0.596000  0.803000  0.000000
527   -6.63000   -0.37500    3.48750   0.476158   -0.884000  -0.050000  0.465000
528   -6.25500   -0.60750    4.09500   0.476807   -0.834000  -0.081000  0.546000
529    3.48750   -6.63000   -0.37500   0.476158   0.465000  -0.884000  -0.050000
530    4.09500   -6.25500   -0.60750   0.476807   0.546000  -0.834000  -0.081000
531    6.02250    0.00000   -4.47000   0.476059   0.803000  0.000000  -0.596000
532   -0.37500    3.48750   -6.63000   0.476158   -0.050000  0.465000  -0.884000
533   -6.25500   -0.60750   -4.09500   0.476807   -0.834000  -0.081000  -0.546000
534    0.79500    2.94750    6.84750   0.553999   0.106000  0.393000  0.913000
535    1.28250    4.23750    6.05250   0.557325   0.171000  0.565000  0.807000
536    0.00000    5.02500    5.56500   0.552673   0.000000  0.670000  0.742000
537   -1.28250    4.23750    6.05250   0.557325   -0.171000  0.565000  0.807000
538   -0.79500    2.94750    6.84750   0.553999   -0.106000  0.393000  0.913000
539    0.00000   -5.02500    5.56500   0.552673   0.000000  -0.670000  0.742000
540    1.28250   -4.23750    6.05250   0.557325   0.171000  -0.565000  0.807000
541    6.84750   -0.79500    2.94750   0.553999   0.913000  -0.106000  0.393000
542    6.84750    0.79500    2.94750   0.553999   0.913000  0.106000  0.393000
543    4.23750    6.05250   -1.28250   0.557325   0.565000  0.807000  -0.171000
544    2.94750    6.84750   -0.79500   0.553999   0.393000  0.913000  -0.106000
545   -4.23750    6.05250   -1.28250   0.557325   -0.565000  0.807000  -0.171000
546   -5.02500    5.56500    0.00000   0.552673   -0.670000  0.742000  0.000000
547   -6.84750   -0.79500    2.94750   0.553999   -0.913000  -0.106000  0.393000
548   -6.05250   -1.28250    4.23750   0.557325   -0.807000  -0.171000  0.565000
549    2.94750   -6.84750   -0.79500   0.553999   0.393000  -0.913000  -0.106000
550    4.23750   -6.05250   -1.28250   0.557325   0.565000  -0.807000  -0.171000
551    5.56500    0.00000   -5.02500   0.552673   0.742000  0.000000  -0.670000
552   -0.79500    2.94750   -6.84750   0.553999   -0.106000  0.393000  -0.913000
553   -6.05250   -1.28250   -4.23750   0.557325   -0.807000  -0.171000  -0.565000
554    1.25250    2.31750    7.02000   0.638304   0.167000  0.309000  0.936000
555    2.02500    4.34250    5.77500   0.636585   0.270000  0.579000  0.770000
556   -0.00000    5.58750    5.00250   0.638396   -0.000000  0.745000  0.667000
557   -2.02500    4.34250    5.77500   0.636585   -0.270000  0.579000  0.770000
558   -1.25250    2.31750    7.02000   0.638304   -0.167000  0.309000  0.936000
559    0.00000   -5.58750    5.00250   0.638396   0.000000  -0.745000  0.667000
560    2.02500   -4.34250    5.77500   0.636585   0.270000  -0.579000  0.770000
561    7.02000   -1.25250    2.31750   0.638304   0.936000  -0.167000  0.309000
562    7.02000    1.25250    2.31750   0.638304   0.936000  0.167000  0.309000
563    4.34250    5.77500   -2.02500   0.636585   0.579000  0.770000  -0.270000
564    2.31750    7.02000   -1.25250   0.638304   0.309000  0.936000  -0.167000
565   -4.34250    5.77500   -2.02500   0.636585   -0.579000  0.770000  -0.270000
566   -5.58750    5.00250    0.00000   0.638396   -0.745000  0.667000  0.000000
567   -7.02000   -1.25250    2.31750   0.638304   -0.936000  -0.167000  0.309000
568   -5.77500   -2.02500    4.34250   0.636585   -0.770000  -0.270000  0.579000
569    2.31750   -7.02000   -1.25250   0.638304   0.309000  -0.936000  -0.167000
570    4.34250   -5.77500   -2.02500   0.636585   0.579000  -0.770000  -0.270000
571    5.00250    0.00000   -5.58750   0.638396   0.667000  0.000000  -0.745000
572   -1.25250    2.31750   -7.02000   0.638304   -0.167000  0.309000  -0.936000
573   -5.77500   -2.02500   -4.34250   0.636585   -0.770000  -0.270000  -0.579000
574    1.73250    1.60500    7.11750   0.708645   0.231000  0.214000  0.949000
575    2.79750    4.40250    5.39250   0.710139   0.373000  0.587000  0.719000
576    0.00000    6.12750    4.32000   0.710716   0.000000  0.817000  0.576000
577   -2.79750    4.40250    5.39250   0.710139   -0.373000  0.587000  0.719000
578   -1.73250    1.60500    7.11750   0.708645   -0.231000  0.214000  0.949000
579    0.00000   -6.12750    4.32000   0.710716   0.000000  -0.817000  0.576000
580    2.79750   -4.40250    5.39250   0.710139   0.373000  -0.587000  0.719000
581    7.11750   -1.73250    1.60500   0.708645   0.949000  -0.231000  0.214000
582    7.11750    1.73250    1.60500   0.708645   0.949000  0.231000  0.214000
583    4.40250    5.39250   -2.79750   0.710139   0.587000  0.719000  -0.373000
584    1.60500    7.11750   -1.73250   0.708645   0.214000  0.949000  -0.231000
585   -4.40250    5.39250   -2.79750   0.710139   -0.587000  0.719000  -0.373000
586   -6.12750    4.32000    0.00000   0.710716   -0.817000  0.576000  0.000000
587   -7.11750   -1.73250    1.60500   0.708645   -0.949000  -0.231000  0.214000
588   -5.39250   -2.79750    4.40250   0.710139   -0.719000  -0.373000  0.587000
589    1.60500   -7.11750   -1.73250   0.708645   0.214000  -0.949000  -0.231000
590    4.40250   -5.39250   -2.79750   0.710139   0.587000  -0.719000  -0.373000
591    4.32000    0.00000   -6.12750   0.710716   0.576000  0.000000  -0.817000
592   -1.73250    1.60500   -7.11750   0.708645   -0.231000  0.214000  -0.949000
593   -5.39250   -2.79750   -4.40250   0.710139   -0.719000  -0.373000  -0.587000
594    2.21250    0.81750    7.11750   0.761114   0.295000  0.109000  0.949000
595    3.57750    4.40250    4.90500   0.760327   0.477000  0.587000  0.654000
596    0.00000    6.61500    3.54000   0.760294   0.000000  0.882000  0.472000
597   -3.57750    4.40250    4.90500   0.760327   -0.477000  0.587000  0.654000
598   -2.21250    0.81750    7.11750   0.761114   -0.295000  0.109000  0.949000
599    0.00000   -6.61500    3.54000   0.760294   0.000000  -0.882000  0.472000
600    3.57750   -4.40250    4.90500   0.760327   0.477000  -0.587000  0.654000
601    7.11750   -2.21250    0.81750   0.761114   0.949000  -0.295000  0.109000
602    7.11750    2.21250    0.81750   0.761114   0.949000  0.295000  0.109000
603    4.40250    4.90500   -3.57750   0.760327   0.587000  0.654000  -0.477000
604    0.81750    7.11750   -2.21250   0.761114   0.109000  0.949000  -0.295000
605   -4.40250    4.90500   -3.57750   0.760327   -0.587000  0.654000  -0.477000
606   -6.61500    3.54000    0.00000   0.760294   -0.882000  0.472000  0.000000
607   -7.11750   -2.21250    0.81750   0.761114   -0.949000  -0.295000  0.109000
608   -4.90500   -3.57750    4.40250   0.760327   -0.654000  -0.477000  0.587000
609    0.81750   -7.11750   -2.21250   0.761114   0.109000  -0.949000  -0.295000
610    4.40250   -4.90500   -3.57750   0.760327   0.587000  -0.654000  -0.477000
611    3.54000    0.00000   -6.61500   0.760294   0.472000  0.000000  -0.882000
612   -2.21250    0.81750   -7.11750   0.761114   -0.295000  0.109000  -0.949000
613   -4.90500   -3.57750   -4.40250   0.760327   -0.654000  -0.477000  -0.587000
614    2.67750    0.00000    7.00500   0.776351   0.357000  0.000000  0.934000
615    4.32750    4.32750    4.32750   0.779220   0.577000  0.577000  0.577000
616   -0.00000    7.00500    2.67750   0.776351   -0.000000  0.934000  0.357000
617   -4.32750    4.32750    4.32750   0.779220   -0.577000  0.577000  0.577000
618   -2.67750   -0.00000    7.00500   0.776351   -0.357000  -0.000000  0.934000
619    0.00000   -7.00500    2.67750   0.776351   0.000000  -0.934000  0.357000
620    4.32750   -4.32750    4.32750   0.779220   0.577000  -0.577000  0.577000
621    7.00500   -2.67750   -0.00000   0.776351   0.934000  -0.357000  -0.000000
622    7.00500    2.67750    0.00000   0.776351   0.934000  0.357000  0.000000
623    4.32750    4.32750   -4.32750   0.779220   0.577000  0.577000  -0.577000
624   -0.00000    7.00500   -2.67750   0.776351   -0.000000  0.934000  -0.357000
625   -4.32750    4.32750   -4.32750   0.779220   -0.577000  0.577000  -0.577000
626   -7.00500    2.67750    0.00000   0.776351   -0.934000  0.357000  0.000000
627   -7.00500   -2.67750    0.00000   0.776351   -0.934000  -0.357000  0.000000
628   -4.32750   -4.32750    4.32750   0.779220   -0.577000  -0.577000  0.577000
629    0.00000   -7.00500   -2.67750   0.776351   0.000000  -0.934000  -0.357000
630    4.32750   -4.32750   -4.32750   0.779220   0.577000  -0.577000  -0.577000
631    2.67750    0.00000   -7.00500   0.776351   0.357000  0.000000  -0.934000
632   -2.67750    0.00000   -7.00500   0.776351   -0.357000  0.000000  -0.934000
633   -4.32750   -4.32750   -4.32750   0.779220   -0.577000  -0.577000  -0.577000
634    3.09750   -0.81750    6.78000   0.761203   0.413000  -0.109000  0.904000
635    5.01000    4.19250    3.68250   0.760514   0.668000  0.559000  0.491000
636    0.00000    7.29000    1.77000   0.762548   0.000000  0.972000  0.236000
637   -5.01000    4.19250    3.68250   0.760514   -0.668000  0.559000  0.491000
638   -3.09750   -0.81750    6.78000   0.761203   -0.413000  -0.109000  0.904000
639    0.00000   -7.29000    1.77000   0.762548   0.000000  -0.972000  0.236000
640    5.01000   -4.19250    3.68250   0.760514   0.668000  -0.559000  0.491000
641    6.78000   -3.09750   -0.81750   0.761203   0.904000  -0.413000  -0.109000
642    6.78000    3.09750   -0.81750   0.761203   0.904000  0.413000  -0.109000
643    4.19250    3.68250   -5.01000   0.760514   0.559000  0.491000  -0.668000
644   -0.81750    6.78000   -3.09750   0.761203   -0.109000  0.904000  -0.413000
645   -4.19250    3.68250   -5.01000   0.760514   -0.559000  0.491000  -0.668000
646   -7.29000    1.77000    0.00000   0.762548   -0.972000  0.236000  0.000000
647   -6.78000   -3.09750   -0.81750   0.761203   -0.904000  -0.413000  -0.109000
648   -3.68250   -5.01000    4.19250   0.760514   -0.491000  -0.668000  0.559000
649   -0.81750   -6.78000   -3.09750   0.761203   -0.109000  -0.904000  -0.413000
650    4.19250   -3.68250   -5.01000   0.760514   0.559000  -0.491000  -0.668000
651    1.77000    0.00000   -7.29000   0.762548   0.236000  0.000000  -0.972000
652   -3.09750   -0.81750   -6.78000   0.761203   -0.413000  -0.109000  -0.904000
653   -3.68250   -5.01000   -4.19250   0.760514   -0.491000  -0.668000  -0.559000
654    3.45750   -1.60500    6.45750   0.711038   0.461000  -0.214000  0.861000
655    5.59500    3.99000    3.00000   0.710360   0.746000  0.532000  0.400000
656   -0.00000    7.44750    0.86250   0.710249   -0.000000  0.993000  0.115000
657   -5.59500    3.99000    3.00000   0.710360   -0.746000  0.532000  0.400000
658   -3.45750   -1.60500    6.45750   0.711038   -0.461000  -0.214000  0.861000
659    0.00000   -7.44750    0.86250   0.710249   0.000000  -0.993000  0.115000
660    5.59500   -3.99000    3.00000   0.710360   0.746000  -0.532000  0.400000
661    6.45750   -3.45750   -1.60500   0.711038   0.861000  -0.461000  -0.214000
662    6.45750    3.45750   -1.60500   0.711038   0.861000  0.461000  -0.214000
663    3.99000    3.00000   -5.59500   0.710360   0.532000  0.400000  -0.746000
664   -1.60500    6.45750   -3.45750   0.711038   -0.214000  0.861000  -0.461000
665   -3.99000    3.00000   -5.59500   0.710360   -0.532000  0.400000  -0.746000
666   -7.44750    0.86250    0.00000   0.710249   -0.993000  0.115000  0.000000
667   -6.45750   -3.45750   -1.60500   0.711038   -0.861000  -0.461000  -0.214000
668   -3.00000   -5.59500    3.99000   0.710360   -0.400000  -0.746000  0.532000
669   -1.60500   -6.45750   -3.45750   0.711038   -0.214000  -0.861000  -0.461000
670    3.99000   -3.00000   -5.59500   0.710360   0.532000  -0.400000  -0.746000
671    0.86250    0.00000   -7.44750   0.710249   0.115000  0.000000  -0.993000
672   -3.45750   -1.60500   -6.45750   0.711038   -0.461000  -0.214000  -0.861000
673   -3.00000   -5.59500   -3.99000   0.710360   -0.400000  -0.746000  -0.532000
674    0.00000   -7.50000    0.00000   0.668491   0.000000  -1.000000  0.000000
675    6.06750   -3.75000    2.31750   0.672763   0.809000  -0.500000  0.309000
676    6.06750    3.75000   -2.31750   0.672763   0.809000  0.500000  -0.309000
677   -2.31750    6.06750   -3.75000   0.672763   -0.309000  0.809000  -0.500000
678   -7.50000    0.00000    0.00000   0.668491   -1.000000  0.000000  0.000000
679   -2.31750   -6.06750    3.75000   0.672763   -0.309000  -0.809000  0.500000
680   -2.31750   -6.06750   -3.75000   0.672763   -0.309000  -0.809000  -0.500000
681    3.75000   -2.31750   -6.06750   0.672763   0.500000  -0.309000  -0.809000
682    0.00000    0.00000   -7.50000   0.668491   0.000000  0.000000  -1.000000
683   -3.75000   -2.31750   -6.06750   0.672763   -0.500000  -0.309000  -0.809000
684    0.40500    2.25750    7.14000   0.592311   0.054000  0.301000  0.952000
685    1.87500    3.66000    6.27000   0.591742   0.250000  0.488000  0.836000
686    0.75000    5.28000    5.27250   0.593223   0.100000  0.704000  0.703000
687   -1.41000    4.87500    5.52000   0.591109   -0.188000  0.650000  0.736000
688   -1.62000    3.00750    6.67500   0.591232   -0.216000  0.401000  0.890000
689   -0.75000   -5.28000    5.27250   0.593223   -0.100000  -0.704000  0.703000
690    1.41000   -4.87500    5.52000   0.591109   0.188000  -0.650000  0.736000
691    6.67500   -1.62000    3.00750   0.591232   0.890000  -0.216000  0.401000
692    7.14000    0.40500    2.25750   0.592311   0.952000  0.054000  0.301000
693    4.87500    5.52000   -1.41000   0.591109   0.650000  0.736000  -0.188000
694    3.00750    6.67500   -1.62000   0.591232   0.401000  0.890000  -0.216000
695   -3.66000    6.27000   -1.87500   0.591742   -0.488000  0.836000  -0.250000
696   -5.28000    5.27250   -0.75000   0.593223   -0.704000  0.703000  -0.100000
697   -7.14000   -0.40500    2.25750   0.592311   -0.952000  -0.054000  0.301000
698   -6.27000   -1.87500    3.66000   0.591742   -0.836000  -0.250000  0.488000
699    2.25750   -7.14000   -0.40500   0.592311   0.301000  -0.952000  -0.054000
700    3.66000   -6.27000   -1.87500   0.591742   0.488000  -0.836000  -0.250000
701    5.27250   -0.75000   -5.28000   0.593223   0.703000  -0.100000  -0.704000
702   -0.40500    2.25750   -7.14000   0.592311   -0.054000  0.301000  -0.952000
703   -5.52000   -1.41000   -4.87500   0.591109   -0.736000  -0.188000  -0.650000
704    0.84750    1.56750    7.28250   0.667927   0.113000  0.209000  0.971000
705    2.63250    3.72000    5.95500   0.663490   0.351000  0.496000  0.794000
706    0.78000    5.83500    4.65000   0.667277   0.104000  0.778000  0.620000
707   -2.15250    4.98750    5.17500   0.666338   -0.287000  0.665000  0.690000
708   -2.11500    2.34750    6.80250   0.665368   -0.282000  0.313000  0.907000
709   -0.78000   -5.83500    4.65000   0.667277   -0.104000  -0.778000  0.620000
710    2.15250   -4.98750    5.17500   0.666338   0.287000  -0.665000  0.690000
711    6.80250   -2.11500    2.34750   0.665368   0.907000  -0.282000  0.313000
712    7.28250    0.84750    1.56750   0.667927   0.971000  0.113000  0.209000
713    4.98750    5.17500   -2.15250   0.666338   0.665000  0.690000  -0.287000
714    2.34750    6.80250   -2.11500   0.665368   0.313000  0.907000  -0.282000
715   -3.72000    5.95500   -2.63250   0.663490   -0.496000  0.794000  -0.351000
716   -5.83500    4.65000   -0.78000   0.667277   -0.778000  0.620000  -0.104000
717   -7.28250   -0.84750    1.56750   0.667927   -0.971000  -0.113000  0.209000
718   -5.95500   -2.63250    3.72000   0.663490   -0.794000  -0.351000  0.496000
719    1.56750   -7.28250   -0.84750   0.667927   0.209000  -0.971000  -0.113000
720    3.72000   -5.95500   -2.63250   0.663490   0.496000  -0.794000  -0.351000
721    4.65000   -0.78000   -5.83500   0.667277   0.620000  -0.104000  -0.778000
722   -0.84750    1.56750   -7.28250   0.667927   -0.113000  0.209000  -0.971000
723   -5.17500   -2.15250   -4.98750   0.666338   -0.690000  -0.287000  -0.665000
724    1.30500    0.81000    7.34250   0.728830   0.174000  0.108000  0.979000
725    3.42000    3.72750    5.53500   0.728290   0.456000  0.497000  0.738000
726    0.81000    6.34500    3.92250   0.727577   0.108000  0.846000  0.523000
727   -2.92500    5.03250    4.72500   0.726391   -0.390000  0.671000  0.630000
728   -2.61000    1.61250    6.84000   0.725270   -0.348000  0.215000  0.912000
729   -0.81000   -6.34500    3.92250   0.727577   -0.108000  -0.846000  0.523000
730    2.92500   -5.03250    4.72500   0.726391   0.390000  -0.671000  0.630000
731    6.84000   -2.61000    1.61250   0.725270   0.912000  -0.348000  0.215000
732    7.34250    1.30500    0.81000   0.728830   0.979000  0.174000  0.108000
733    5.03250    4.72500   -2.92500   0.726391   0.671000  0.630000  -0.390000
734    1.61250    6.84000   -2.61000   0.725270   0.215000  0.912000  -0.348000
735   -3.72750    5.53500   -3.42000   0.728290   -0.497000  0.738000  -0.456000
736   -6.34500    3.92250   -0.81000   0.727577   -0.846000  0.523000  -0.108000
737   -7.34250   -1.30500    0.81000   0.728830   -0.979000  -0.174000  0.108000
738   -5.53500   -3.42000    3.72750   0.728290   -0.738000  -0.456000  0.497000
739    0.81000   -7.34250   -1.30500   0.728830   0.108000  -0.979000  -0.174000
740    3.72750   -5.53500   -3.42000   0.728290   0.497000  -0.738000  -0.456000
741    3.92250   -0.81000   -6.34500   0.727577   0.523000  -0.108000  -0.846000
742   -1.30500    0.81000   -7.34250   0.728830   -0.174000  0.108000  -0.979000
743   -4.72500   -2.92500   -5.03250   0.726391   -0.630000  -0.390000  -0.671000
744    1.77000    0.00000    7.29000   0.762548   0.236000  0.000000  0.972000
745    4.19250    3.68250    5.01000   0.760514   0.559000  0.491000  0.668000
746    0.81750    6.78000    3.09750   0.761203   0.109000  0.904000  0.413000
747   -3.68250    5.01000    4.19250   0.760514   -0.491000  0.668000  0.559000
748   -3.09750    0.81750    6.78000   0.761203   -0.413000  0.109000  0.904000
749   -0.81750   -6.78000    3.09750   0.761203   -0.109000  -0.904000  0.413000
750    3.68250   -5.01000    4.19250   0.760514   0.491000  -0.668000  0.559000
751    6.78000   -3.09750    0.81750   0.761203   0.904000  -0.413000  0.109000
752    7.29000    1.77000    0.00000   0.762548   0.972000  0.236000  0.000000
753    5.01000    4.19250   -3.68250   0.760514   0.668000  0.559000  -0.491000
754    0.81750    6.78000   -3.09750   0.761203   0.109000  0.904000  -0.413000
755   -3.68250    5.01000   -4.19250   0.760514   -0.491000  0.668000  -0.559000
756   -6.78000    3.09750   -0.81750   0.761203   -0.904000  0.413000  -0.109000
757   -7.29000   -1.77000    0.00000   0.762548   -0.972000  -0.236000  0.000000
758   -5.01000   -4.19250    3.68250   0.760514   -0.668000  -0.559000  0.491000
759    0.00000   -7.29000   -1.77000   0.762548   0.000000  -0.972000  -0.236000
760    3.68250   -5.01000   -4.19250   0.760514   0.491000  -0.668000  -0.559000
761    3.09750   -0.81750   -6.78000   0.761203   0.413000  -0.109000  -0.904000
762   -1.77000    0.00000   -7.29000   0.762548   -0.236000  0.000000  -0.972000
763   -4.19250   -3.68250   -5.01000   0.760514   -0.559000  -0.491000  -0.668000
764    2.21250   -0.81750    7.11750   0.761114   0.295000  -0.109000  0.949000
765    4.90500    3.57750    4.40250   0.760327   0.654000  0.477000  0.587000
766    0.81750    7.11750    2.21250   0.761114   0.109000  0.949000  0.295000
767   -4.40250    4.90500    3.57750   0.760327   -0.587000  0.654000  0.477000
768   -3.54000    0.00000    6.61500   0.760294   -0.472000  0.000000  0.882000
769   -0.81750   -7.11750    2.21250   0.761114   -0.109000  -0.949000  0.295000
770    4.40250   -4.90500    3.57750   0.760327   0.587000  -0.654000  0.477000
771    6.61500   -3.54000    0.00000   0.760294   0.882000  -0.472000  0.000000
772    7.11750    2.21250   -0.81750   0.761114   0.949000  0.295000  -0.109000
773    4.90500    3.57750   -4.40250   0.760327   0.654000  0.477000  -0.587000
774    0.00000    6.61500   -3.54000   0.760294   0.000000  0.882000  -0.472000
775   -3.57750    4.40250   -4.90500   0.760327   -0.477000  0.587000  -0.654000
776   -7.11750    2.21250   -0.81750   0.761114   -0.949000  0.295000  -0.109000
777   -7.11750   -2.21250   -0.81750   0.761114   -0.949000  -0.295000  -0.109000
778   -4.40250   -4.90500    3.57750   0.760327   -0.587000  -0.654000  0.477000
779   -0.81750   -7.11750   -2.21250   0.761114   -0.109000  -0.949000  -0.295000
780    3.57750   -4.40250   -4.90500   0.760327   0.477000  -0.587000  -0.654000
781    2.21250   -0.81750   -7.11750   0.761114   0.295000  -0.109000  -0.949000
782   -2.21250   -0.81750   -7.11750   0.761114   -0.295000  -0.109000  -0.949000
783   -3.57750   -4.40250   -4.90500   0.760327   -0.477000  -0.587000  -0.654000
784    2.61000   -1.61250    6.84000   0.725270   0.348000  -0.215000  0.912000
785    5.53500    3.42000    3.72750   0.728290   0.738000  0.456000  0.497000
786    0.81000    7.34250    1.30500   0.728830   0.108000  0.979000  0.174000
787   -5.03250    4.72500    2.92500   0.726391   -0.671000  0.630000  0.390000
788   -3.92250   -0.81000    6.34500   0.727577   -0.523000  -0.108000  0.846000
789   -0.81000   -7.34250    1.30500   0.728830   -0.108000  -0.979000  0.174000
790    5.03250   -4.72500    2.92500   0.726391   0.671000  -0.630000  0.390000
791    6.34500   -3.92250   -0.81000   0.727577   0.846000  -0.523000  -0.108000
792    6.84000    2.61000   -1.61250   0.725270   0.912000  0.348000  -0.215000
793    4.72500    2.92500   -5.03250   0.726391   0.630000  0.390000  -0.671000
794   -0.81000    6.34500   -3.92250   0.727577   -0.108000  0.846000  -0.523000
795   -3.42000    3.72750   -5.53500   0.728290   -0.456000  0.497000  -0.738000
796   -7.34250    1.30500   -0.81000   0.728830   -0.979000  0.174000  -0.108000
797   -6.84000   -2.61000   -1.61250   0.725270   -0.912000  -0.348000  -0.215000
798   -3.72750   -5.53500    3.42000   0.728290   -0.497000  -0.738000  0.456000
799   -1.61250   -6.84000   -2.61000   0.725270   -0.215000  -0.912000  -0.348000
800    3.42000   -3.72750   -5.53500   0.728290   0.456000  -0.497000  -0.738000
801    1.30500   -0.81000   -7.34250   0.728830   0.174000  -0.108000  -0.979000
802   -2.61000   -1.61250   -6.84000   0.725270   -0.348000  -0.215000  -0.912000
803   -2.92500   -5.03250   -4.72500   0.726391   -0.390000  -0.671000  -0.630000
804    2.96250   -2.34750    6.48000   0.671943   0.395000  -0.313000  0.864000
805    6.05250    3.21750    3.03750   0.671464   0.807000  0.429000  0.405000
806    0.78000    7.44750    0.42000   0.669438   0.104000  0.993000  0.056000
807   -5.57250    4.48500    2.25000   0.670622   -0.743000  0.598000  0.300000
808   -4.23000   -1.56750    5.99250   0.669502   -0.564000  -0.209000  0.799000
809   -0.78000   -7.44750    0.42000   0.669438   -0.104000  -0.993000  0.056000
810    5.57250   -4.48500    2.25000   0.670622   0.743000  -0.598000  0.300000
811    5.99250   -4.23000   -1.56750   0.669502   0.799000  -0.564000  -0.209000
812    6.48000    2.96250   -2.34750   0.671943   0.864000  0.395000  -0.313000
813    4.48500    2.25000   -5.57250   0.670622   0.598000  0.300000  -0.743000
814   -1.56750    5.99250   -4.23000   0.669502   -0.209000  0.799000  -0.564000
815   -3.21750    3.03750   -6.05250   0.671464   -0.429000  0.405000  -0.807000
816   -7.44750    0.42000   -0.78000   0.669438   -0.993000  0.056000  -0.104000
817   -6.48000   -2.96250   -2.34750   0.671943   -0.864000  -0.395000  -0.313000
818   -3.03750   -6.05250    3.21750   0.671464   -0.405000  -0.807000  0.429000
819   -2.34750   -6.48000   -2.96250   0.671943   -0.313000  -0.864000  -0.395000
820    3.21750   -3.03750   -6.05250   0.671464   0.429000  -0.405000  -0.807000
821    0.42000   -0.78000   -7.44750   0.669438   0.056000  -0.104000  -0.993000
822   -2.96250   -2.34750   -6.48000   0.671943   -0.395000  -0.313000  -0.864000
823   -2.25000   -5.57250   -4.48500   0.670622   -0.300000  -0.743000  -0.598000
824    0.42000    0.78000    7.44750   0.669438   0.056000  0.104000  0.993000
825    3.21750    3.03750    6.05250   0.671464   0.429000  0.405000  0.807000
826    1.56750    5.99250    4.23000   0.669502   0.209000  0.799000  0.564000
827   -2.25000    5.57250    4.48500   0.670622   -0.300000  0.743000  0.598000
828   -2.96250    2.34750    6.48000   0.671943   -0.395000  0.313000  0.864000
829   -1.56750   -5.99250    4.23000   0.669502   -0.209000  -0.799000  0.564000
830    2.25000   -5.57250    4.48500   0.670622   0.300000  -0.743000  0.598000
831    6.48000   -2.96250    2.34750   0.671943   0.864000  -0.395000  0.313000
832    7.44750    0.42000    0.78000   0.669438   0.993000  0.056000  0.104000
833    5.57250    4.48500   -2.25000   0.670622   0.743000  0.598000  -0.300000
834    2.34750    6.48000   -2.96250   0.671943   0.313000  0.864000  -0.395000
835   -3.03750    6.05250   -3.21750   0.671464   -0.405000  0.807000  -0.429000
836   -5.99250    4.23000   -1.56750   0.669502   -0.799000  0.564000  -0.209000
837   -7.44750   -0.42000    0.78000   0.669438   -0.993000  -0.056000  0.104000
838   -6.05250   -3.21750    3.03750   0.671464   -0.807000  -0.429000  0.405000
839    0.78000   -7.44750   -0.42000   0.669438   0.104000  -0.993000  -0.056000
840    3.03750   -6.05250   -3.21750   0.671464   0.405000  -0.807000  -0.429000
841    4.23000   -1.56750   -5.99250   0.669502   0.564000  -0.209000  -0.799000
842   -0.42000    0.78000   -7.44750   0.669438   -0.056000  0.104000  -0.993000
843   -4.48500   -2.25000   -5.57250   0.670622   -0.598000  -0.300000  -0.743000
844    0.86250    0.00000    7.44750   0.710249   0.115000  0.000000  0.993000
845    3.99000    3.00000    5.59500   0.710360   0.532000  0.400000  0.746000
846    1.60500    6.45750    3.45750   0.711038   0.214000  0.861000  0.461000
847   -3.00000    5.59500    3.99000   0.710360   -0.400000  0.746000  0.532000
848   -3.45750    1.60500    6.45750   0.711038   -0.461000  0.214000  0.861000
849   -1.60500   -6.45750    3.45750   0.711038   -0.214000  -0.861000  0.461000
850    3.00000   -5.59500    3.99000   0.710360   0.400000  -0.746000  0.532000
851    6.45750   -3.45750    1.60500   0.711038   0.861000  -0.461000  0.214000
852    7.44750    0.86250    0.00000   0.710249   0.993000  0.115000  0.000000
853    5.59500    3.99000   -3.00000   0.710360   0.746000  0.532000  -0.400000
854    1.60500    6.45750   -3.45750   0.711038   0.214000  0.861000  -0.461000
855   -3.00000    5.59500   -3.99000   0.710360   -0.400000  0.746000  -0.532000
856   -6.45750    3.45750   -1.60500   0.711038   -0.861000  0.461000  -0.214000
857   -7.44750   -0.86250    0.00000   0.710249   -0.993000  -0.115000  0.000000
858   -5.59500   -3.99000    3.00000   0.710360   -0.746000  -0.532000  0.400000
859    0.00000   -7.44750   -0.86250   0.710249   0.000000  -0.993000  -0.115000
860    3.00000   -5.59500   -3.99000   0.710360   0.400000  -0.746000  -0.532000
861    3.45750   -1.60500   -6.45750   0.711038   0.461000  -0.214000  -0.861000
862   -0.86250    0.00000   -7.44750   0.710249   -0.115000  0.000000  -0.993000
863   -3.99000   -3.00000   -5.59500   0.710360   -0.532000  -0.400000  -0.746000
864    1.30500   -0.81000    7.34250   0.728830   0.174000  -0.108000  0.979000
865    4.72500    2.92500    5.03250   0.726391   0.630000  0.390000  0.671000
866    1.61250    6.84000    2.61000   0.725270   0.215000  0.912000  0.348000
867   -3.72750    5.53500    3.42000   0.728290   -0.497000  0.738000  0.456000
868   -3.92250    0.81000    6.34500   0.727577   -0.523000  0.108000  0.846000
869   -1.61250   -6.84000    2.61000   0.725270   -0.215000  -0.912000  0.348000
870    3.72750   -5.53500    3.42000   0.728290   0.497000  -0.738000  0.456000
871    6.34500   -3.92250    0.81000   0.727577   0.846000  -0.523000  0.108000
872    7.34250    1.30500   -0.81000   0.728830   0.979000  0.174000  -0.108000
873    5.53500    3.42000   -3.72750   0.728290   0.738000  0.456000  -0.497000
874    0.81000    6.34500   -3.92250   0.727577   0.108000  0.846000  -0.523000
875   -2.92500    5.03250   -4.72500   0.726391   -0.390000  0.671000  -0.630000
876   -6.84000    2.61000   -1.61250   0.725270   -0.912000  0.348000  -0.215000
877   -7.34250   -1.30500   -0.81000   0.728830   -0.979000  -0.174000  -0.108000
878   -5.03250   -4.72500    2.92500   0.726391   -0.671000  -0.630000  0.390000
879   -0.81000   -7.34250   -1.30500   0.728830   -0.108000  -0.979000  -0.174000
880    2.92500   -5.03250   -4.72500   0.726391   0.390000  -0.671000  -0.630000
881    2.61000   -1.61250   -6.84000   0.725270   0.348000  -0.215000  -0.912000
882   -1.30500   -0.81000   -7.34250   0.728830   -0.174000  -0.108000  -0.979000
883   -3.42000   -3.72750   -5.53500   0.728290   -0.456000  -0.497000  -0.738000
884    1.73250   -1.60500    7.11750   0.708645   0.231000  -0.214000  0.949000
885    5.39250    2.79750    4.40250   0.710139   0.719000  0.373000  0.587000
886    1.60500    7.11750    1.73250   0.708645   0.214000  0.949000  0.231000
887   -4.40250    5.39250    2.79750   0.710139   -0.587000  0.719000  0.373000
888   -4.32000    0.00000    6.12750   0.710716   -0.576000  0.000000  0.817000
889   -1.60500   -7.11750    1.73250   0.708645   -0.214000  -0.949000  0.231000
890    4.40250   -5.39250    2.79750   0.710139   0.587000  -0.719000  0.373000
891    6.12750   -4.32000    0.00000   0.710716   0.817000  -0.576000  0.000000
892    7.11750    1.73250   -1.60500   0.708645   0.949000  0.231000  -0.214000
893    5.39250    2.79750   -4.40250   0.710139   0.719000  0.373000  -0.587000
894    0.00000    6.12750   -4.32000   0.710716   0.000000  0.817000  -0.576000
895   -2.79750    4.40250   -5.39250   0.710139   -0.373000  0.587000  -0.719000
896   -7.11750    1.73250   -1.60500   0.708645   -0.949000  0.231000  -0.214000
897   -7.11750   -1.73250   -1.60500   0.708645   -0.949000  -0.231000  -0.214000
898   -4.40250   -5.39250    2.79750   0.710139   -0.587000  -0.719000  0.373000
899   -1.60500   -7.11750   -1.73250   0.708645   -0.214000  -0.949000  -0.231000
900    2.79750   -4.40250   -5.39250   0.710139   0.373000  -0.587000  -0.719000
901    1.73250   -1.60500   -7.11750   0.708645   0.231000  -0.214000  -0.949000
902   -1.73250   -1.60500   -7.11750   0.708645   -0.231000  -0.214000  -0.949000
903   -2.79750   -4.40250   -5.39250   0.710139   -0.373000  -0.587000  -0.719000
904    2.11500   -2.34750    6.80250   0.665368   0.282000  -0.313000  0.907000
905    5.95500    2.63250    3.72000   0.663490   0.794000  0.351000  0.496000
906    1.56750    7.28250    0.84750   0.667927   0.209000  0.971000  0.113000
907   -4.98750    5.17500    2.15250   0.666338   -0.665000  0.690000  0.287000
908   -4.65000   -0.78000    5.83500   0.667277   -0.620000  -0.104000  0.778000
909   -1.56750   -7.28250    0.84750   0.667927   -0.209000  -0.971000  0.113000
910    4.98750   -5.17500    2.15250   0.666338   0.665000  -0.690000  0.287000
911    5.83500   -4.65000   -0.78000   0.667277   0.778000  -0.620000  -0.104000
912    6.80250    2.11500   -2.34750   0.665368   0.907000  0.282000  -0.313000
913    5.17500    2.15250   -4.98750   0.666338   0.690000  0.287000  -0.665000
914   -0.78000    5.83500   -4.65000   0.667277   -0.104000  0.778000  -0.620000
915   -2.63250    3.72000   -5.95500   0.663490   -0.351000  0.496000  -0.794000
916   -7.28250    0.84750   -1.56750   0.667927   -0.971000  0.113000  -0.209000
917   -6.80250   -2.11500   -2.34750   0.665368   -0.907000  -0.282000  -0.313000
918   -3.72000   -5.95500    2.63250   0.663490   -0.496000  -0.794000  0.351000
919   -2.34750   -6.80250   -2.11500   0.665368   -0.313000  -0.907000  -0.282000
920    2.63250   -3.72000   -5.95500   0.663490   0.351000  -0.496000  -0.794000
921    0.84750   -1.56750   -7.28250   0.667927   0.113000  -0.209000  -0.971000
922   -2.11500   -2.34750   -6.80250   0.665368   -0.282000  -0.313000  -0.907000
923   -2.15250   -4.98750   -5.17500   0.666338   -0.287000  -0.665000  -0.690000
924   -1.51500   -7.34250    0.00000   0.635392   -0.202000  -0.979000  0.000000
925    5.47500   -4.89750    1.51500   0.634249   0.730000  -0.653000  0.202000
926    6.41250    2.44500   -3.03000   0.633745   0.855000  0.326000  -0.404000
927   -1.51500    5.47500   -4.89750   0.634249   -0.202000  0.730000  -0.653000
928   -7.34250    0.00000   -1.51500   0.635392   -0.979000  0.000000  -0.202000
929   -3.03000   -6.41250    2.44500   0.633745   -0.404000  -0.855000  0.326000
930    2.44500   -3.03000   -6.41250   0.633745   0.326000  -0.404000  -0.855000
931    0.00000   -1.51500   -7.34250   0.635392   0.000000  -0.202000  -0.979000
932   -2.44500   -3.03000   -6.41250   0.633745   -0.326000  -0.404000  -0.855000
933    0.42000   -0.78000    7.44750   0.669438   0.056000  -0.104000  0.993000
934    4.48500    2.25000    5.57250   0.670622   0.598000  0.300000  0.743000
935    2.34750    6.48000    2.96250   0.671943   0.313000  0.864000  0.395000
936   -3.03750    6.05250    3.21750   0.671464   -0.405000  0.807000  0.429000
937   -4.23000    1.56750    5.99250   0.669502   -0.564000  0.209000  0.799000
938   -2.34750   -6.48000    2.96250   0.671943   -0.313000  -0.864000  0.395000
939    3.03750   -6.05250    3.21750   0.671464   0.405000  -0.807000  0.429000
940    5.99250   -4.23000    1.56750   0.669502   0.799000  -0.564000  0.209000
941    7.44750    0.42000   -0.78000   0.669438   0.993000  0.056000  -0.104000
942    6.05250    3.21750   -3.03750   0.671464   0.807000  0.429000  -0.405000
943    1.56750    5.99250   -4.23000   0.669502   0.209000  0.799000  -0.564000
944   -2.25000    5.57250   -4.48500   0.670622   -0.300000  0.743000  -0.598000
945   -6.48000    2.96250   -2.34750   0.671943   -0.864000  0.395000  -0.313000
946   -7.44750   -0.42000   -0.78000   0.669438   -0.993000  -0.056000  -0.104000
947   -5.57250   -4.48500    2.25000   0.670622   -0.743000  -0.598000  0.300000
948   -0.78000   -7.44750   -0.42000   0.669438   -0.104000  -0.993000  -0.056000
949    2.25000   -5.57250   -4.48500   0.670622   0.300000  -0.743000  -0.598000
950    2.96250   -2.34750   -6.48000   0.671943   0.395000  -0.313000  -0.864000
951   -0.42000   -0.78000   -7.44750   0.669438   -0.056000  -0.104000  -0.993000
952   -3.21750   -3.03750   -6.05250   0.671464   -0.429000  -0.405000  -0.807000
953    0.84750   -1.56750    7.28250   0.667927   0.113000  -0.209000  0.971000
954    5.17500    2.15250    4.98750   0.666338   0.690000  0.287000  0.665000
955    2.34750    6.80250    2.11500   0.665368   0.313000  0.907000  0.282000
956   -3.72000    5.95500    2.63250   0.663490   -0.496000  0.794000  0.351000
957   -4.65000    0.78000    5.83500   0.667277   -0.620000  0.104000  0.778000
958   -2.34750   -6.80250    2.11500   0.665368   -0.313000  -0.907000  0.282000
959    3.72000   -5.95500    2.63250   0.663490   0.496000  -0.794000  0.351000
960    5.83500   -4.65000    0.78000   0.667277   0.778000  -0.620000  0.104000
961    7.28250    0.84750   -1.56750   0.667927   0.971000  0.113000  -0.209000
962    5.95500    2.63250   -3.72000   0.663490   0.794000  0.351000  -0.496000
963    0.78000    5.83500   -4.65000   0.667277   0.104000  0.778000  -0.620000
964   -2.15250    4.98750   -5.17500   0.666338   -0.287000  0.665000  -0.690000
965   -6.80250    2.11500   -2.34750   0.665368   -0.907000  0.282000  -0.313000
966   -7.28250   -0.84750   -1.56750   0.667927   -0.971000  -0.113000  -0.209000
967   -4.98750   -5.17500    2.15250   0.666338   -0.665000  -0.690000  0.287000
968   -1.56750   -7.28250   -0.84750   0.667927   -0.209000  -0.971000  -0.113000
969    2.15250   -4.98750   -5.17500   0.666338   0.287000  -0.665000  -0.690000
970    2.11500   -2.34750   -6.80250   0.665368   0.282000  -0.313000  -0.907000
971   -0.84750   -1.56750   -7.28250   0.667927   -0.113000  -0.209000  -0.971000
972   -2.63250   -3.72000   -5.95500   0.663490   -0.351000  -0.496000  -0.794000
973    1.25250   -2.31750    7.02000   0.638304   0.167000  -0.309000  0.936000
974    5.77500    2.02500    4.34250   0.636585   0.770000  0.270000  0.579000
975    2.31750    7.02000    1.25250   0.638304   0.309000  0.936000  0.167000
976   -4.34250    5.77500    2.02500   0.636585   -0.579000  0.770000  0.270000
977   -5.00250   -0.00000    5.58750   0.638396   -0.667000  -0.000000  0.745000
978   -2.31750   -7.02000    1.25250   0.638304   -0.309000  -0.936000  0.167000
979    4.34250   -5.77500    2.02500   0.636585   0.579000  -0.770000  0.270000
980    5.58750   -5.00250   -0.00000   0.638396   0.745000  -0.667000  -0.000000
981    7.02000    1.25250   -2.31750   0.638304   0.936000  0.167000  -0.309000
982    5.77500    2.02500   -4.34250   0.636585   0.770000  0.270000  -0.579000
983   -0.00000    5.58750   -5.00250   0.638396   -0.000000  0.745000  -0.667000
984   -2.02500    4.34250   -5.77500   0.636585   -0.270000  0.579000  -0.770000
985   -7.02000    1.25250   -2.31750   0.638304   -0.936000  0.167000  -0.309000
986   -7.02000   -1.25250   -2.31750   0.638304   -0.936000  -0.167000  -0.309000
987   -4.34250   -5.77500    2.02500   0.636585   -0.579000  -0.770000  0.270000
988   -2.31750   -7.02000   -1.25250   0.638304   -0.309000  -0.936000  -0.167000
989    2.02500   -4.34250   -5.77500   0.636585   0.270000  -0.579000  -0.770000
990    1.25250   -2.31750   -7.02000   0.638304   0.167000  -0.309000  -0.936000
991   -1.25250   -2.31750   -7.02000   0.638304   -0.167000  -0.309000  -0.936000
992   -2.02500   -4.34250   -5.77500   0.636585   -0.270000  -0.579000  -0.770000
993    1.62000   -3.00750    6.67500   0.591232   0.216000  -0.401000  0.890000
994    6.27000    1.87500    3.66000   0.591742   0.836000  0.250000  0.488000
995    2.25750    7.14000    0.40500   0.592311   0.301000  0.952000  0.054000
996   -4.87500    5.52000    1.41000   0.591109   -0.650000  0.736000  0.188000
997   -5.27250   -0.75000    5.28000   0.593223   -0.703000  -0.100000  0.704000
998   -2.25750   -7.14000    0.40500   0.592311   -0.301000  -0.952000  0.054000
999    4.87500   -5.52000    1.41000   0.591109   0.650000  -0.736000  0.188000
1000    5.28000   -5.27250   -0.75000   0.593223   0.704000  -0.703000  -0.100000
1001    6.67500    1.62000   -3.00750   0.591232   0.890000  0.216000  -0.401000
1002    5.52000    1.41000   -4.87500   0.591109   0.736000  0.188000  -0.650000
1003   -0.75000    5.28000   -5.27250   0.593223   -0.100000  0.704000  -0.703000
1004   -1.87500    3.66000   -6.27000   0.591742   -0.250000  0.488000  -0.836000
1005   -7.14000    0.40500   -2.25750   0.592311   -0.952000  0.054000  -0.301000
1006   -6.67500   -1.62000   -3.00750   0.591232   -0.890000  -0.216000  -0.401000
1007   -3.66000   -6.27000    1.87500   0.591742   -0.488000  -0.836000  0.250000
1008   -3.00750   -6.67500   -1.62000   0.591232   -0.401000  -0.890000  -0.216000
1009    1.87500   -3.66000   -6.27000   0.591742   0.250000  -0.488000  -0.836000
1010    0.40500   -2.25750   -7.14000   0.592311   0.054000  -0.301000  -0.952000
1011   -1.62000   -3.00750   -6.67500   0.591232   -0.216000  -0.401000  -0.890000
1012   -1.41000   -4.87500   -5.52000   0.591109   -0.188000  -0.650000  -0.736000
1013    0.40500   -2.25750    7.14000   0.592311   0.054000  -0.301000  0.952000
1014    5.52000    1.41000    4.87500   0.591109   0.736000  0.188000  0.650000
1015    3.00750    6.67500    1.62000   0.591232   0.401000  0.890000  0.216000
1016   -3.66000    6.27000    1.87500   0.591742   -0.488000  0.836000  0.250000
1017   -5.27250    0.75000    5.28000   0.593223   -0.703000  0.100000  0.704000
1018   -3.00750   -6.67500    1.62000   0.591232   -0.401000  -0.890000  0.216000
1019    3.66000   -6.27000    1.87500   0.591742   0.488000  -0.836000  0.250000
1020    5.28000   -5.27250    0.75000   0.593223   0.704000  -0.703000  0.100000
1021    7.14000    0.40500   -2.25750   0.592311   0.952000  0.054000  -0.301000
1022    6.27000    1.87500   -3.66000   0.591742   0.836000  0.250000  -0.488000
1023    0.75000    5.28000   -5.27250   0.593223   0.100000  0.704000  -0.703000
1024   -1.41000    4.87500   -5.52000   0.591109   -0.188000  0.650000  -0.736000
1025   -6.67500    1.62000   -3.00750   0.591232   -0.890000  0.216000  -0.401000
1026   -7.14000   -0.40500   -2.25750   0.592311   -0.952000  -0.054000  -0.301000
1027   -4.87500   -5.52000    1.41000   0.591109   -0.650000  -0.736000  0.188000
1028   -2.25750   -7.14000   -0.40500   0.592311   -0.301000  -0.952000  -0.054000
1029    1.41000   -4.87500   -5.52000   0.591109   0.188000  -0.650000  -0.736000
1030    1.62000   -3.00750   -6.67500   0.591232   0.216000  -0.401000  -0.890000
1031   -0.40500   -2.25750   -7.14000   0.592311   -0.054000  -0.301000  -0.952000
1032   -1.87500   -3.66000   -6.27000   0.591742   -0.250000  -0.488000  -0.836000
1033    0.79500   -2.94750    6.84750   0.553999   0.106000  -0.393000  0.913000
1034    6.05250    1.28250    4.23750   0.557325   0.807000  0.171000  0.565000
1035    2.94750    6.84750    0.79500   0.553999   0.393000  0.913000  0.106000
1036   -4.23750    6.05250    1.28250   0.557325   -0.565000  0.807000  0.171000
1037   -5.56500    0.00000    5.02500   0.552673   -0.742000  0.000000  0.670000
1038   -2.94750   -6.84750    0.79500   0.553999   -0.393000  -0.913000  0.106000
1039    4.23750   -6.05250    1.28250   0.557325   0.565000  -0.807000  0.171000
1040    5.02500   -5.56500    0.00000   0.552673   0.670000  -0.742000  0.000000
1041    6.84750    0.79500   -2.94750   0.553999   0.913000  0.106000  -0.393000
1042    6.05250    1.28250   -4.23750   0.557325   0.807000  0.171000  -0.565000
1043    0.00000    5.02500   -5.56500   0.552673   0.000000  0.670000  -0.742000
1044   -1.28250    4.23750   -6.05250   0.557325   -0.171000  0.565000  -0.807000
1045   -6.84750    0.79500   -2.94750   0.553999   -0.913000  0.106000  -0.393000
1046   -6.84750   -0.79500   -2.94750   0.553999   -0.913000  -0.106000  -0.393000
1047   -4.23750   -6.05250    1.28250   0.557325   -0.565000  -0.807000  0.171000
1048   -2.94750   -6.84750   -0.79500   0.553999   -0.393000  -0.913000  -0.106000
1049    1.28250   -4.23750   -6.05250   0.557325   0.171000  -0.565000  -0.807000
1050    0.79500   -2.94750   -6.84750   0.553999   0.106000  -0.393000  -0.913000
1051   -0.79500   -2.94750   -6.84750   0.553999   -0.106000  -0.393000  -0.913000
1052   -1.28250   -4.23750   -6.05250   0.557325   -0.171000  -0.565000  -0.807000
1053   -2.85750   -6.93750    0.00000   0.527957   -0.381000  -0.925000  0.000000
1054    4.72500   -5.77500    0.71250   0.528137   0.630000  -0.770000  0.095000
1055    6.49500    1.15500   -3.57000   0.530543   0.866000  0.154000  -0.476000
1056   -0.71250    4.72500   -5.77500   0.528137   -0.095000  0.630000  -0.770000
1057   -6.93750    0.00000   -2.85750   0.527957   -0.925000  0.000000  -0.381000
1058   -3.57000   -6.49500    1.15500   0.530543   -0.476000  -0.866000  0.154000
1059    1.15500   -3.57000   -6.49500   0.530543   0.154000  -0.476000  -0.866000
1060    0.00000   -2.85750   -6.93750   0.527957   0.000000  -0.381000  -0.925000
1061   -1.15500   -3.57000   -6.49500   0.530543   -0.154000  -0.476000  -0.866000
1062    0.37500   -3.48750    6.63000   0.476158   0.050000  -0.465000  0.884000
1063    6.25500    0.60750    4.09500   0.476807   0.834000  0.081000  0.546000
1064    3.48750    6.63000    0.37500   0.476158   0.465000  0.884000  0.050000
1065   -4.09500    6.25500    0.60750   0.476807   -0.546000  0.834000  0.081000
1066   -6.02250   -0.00000    4.47000   0.476059   -0.803000  -0.000000  0.596000
1067   -3.48750   -6.63000    0.37500   0.476158   -0.465000  -0.884000  0.050000
1068    4.09500   -6.25500    0.60750   0.476807   0.546000  -0.834000  0.081000
1069    4.47000   -6.02250   -0.00000   0.476059   0.596000  -0.803000  -0.000000
1070    6.63000    0.37500   -3.48750   0.476158   0.884000  0.050000  -0.465000
1071    6.25500    0.60750   -4.09500   0.476807   0.834000  0.081000  -0.546000
1072   -0.00000    4.47000   -6.02250   0.476059   -0.000000  0.596000  -0.803000
1073   -0.60750    4.09500   -6.25500   0.476807   -0.081000  0.546000  -0.834000
1074   -6.63000    0.37500   -3.48750   0.476158   -0.884000  0.050000  -0.465000
1075   -6.63000   -0.37500   -3.48750   0.476158   -0.884000  -0.050000  -0.465000
1076   -4.09500   -6.25500    0.60750   0.476807   -0.546000  -0.834000  0.081000
1077   -3.48750   -6.63000   -0.37500   0.476158   -0.465000  -0.884000  -0.050000
1078    0.60750   -4.09500   -6.25500   0.476807   0.081000  -0.546000  -0.834000
1079    0.37500   -3.48750   -6.63000   0.476158   0.050000  -0.465000  -0.884000
1080   -0.37500   -3.48750   -6.63000   0.476158   -0.050000  -0.465000  -0.884000
1081   -0.60750   -4.09500   -6.25500   0.476807   -0.081000  -0.546000  -0.834000
